/*--------------------------------*- C++ -*----------------------------------*\
| =========                 |                                                 |
| \\      /  F ield         | OpenFOAM: The Open Source CFD Toolbox           |
|  \\    /   O peration     | Version:  2406                                  |
|   \\  /    A nd           | Website:  www.openfoam.com                      |
|    \\/     M anipulation  |                                                 |
\*---------------------------------------------------------------------------*/
FoamFile
{
    version     2.0;
    format      ascii;
    arch        "LSB;label=32;scalar=64";
    class       volScalarField;
    location    "30/fluidRegion";
    object      p_rgh;
}
// * * * * * * * * * * * * * * * * * * * * * * * * * * * * * * * * * * * * * //

dimensions      [1 -1 -2 0 0 0 0];

internalField   nonuniform List<scalar> 
70
(
7.20666e+06
7.2066e+06
7.20654e+06
7.20648e+06
7.20641e+06
7.20635e+06
7.20628e+06
7.20622e+06
7.20615e+06
7.20608e+06
7.20601e+06
7.20594e+06
7.20587e+06
7.2058e+06
7.20573e+06
7.20565e+06
7.20558e+06
7.2055e+06
7.20542e+06
7.20534e+06
7.20526e+06
7.20518e+06
7.2051e+06
7.20502e+06
7.20494e+06
7.20485e+06
7.20476e+06
7.20468e+06
7.20459e+06
7.2045e+06
7.20441e+06
7.20432e+06
7.20423e+06
7.20413e+06
7.20404e+06
7.20394e+06
7.20385e+06
7.20375e+06
7.20365e+06
7.20355e+06
7.20345e+06
7.20335e+06
7.20324e+06
7.20314e+06
7.20304e+06
7.20293e+06
7.20282e+06
7.20271e+06
7.2026e+06
7.20249e+06
7.20238e+06
7.20227e+06
7.20216e+06
7.20204e+06
7.20193e+06
7.20181e+06
7.20169e+06
7.20157e+06
7.20145e+06
7.20133e+06
7.20121e+06
7.20109e+06
7.20097e+06
7.20084e+06
7.20071e+06
7.20059e+06
7.20046e+06
7.20033e+06
7.2002e+06
7.20007e+06
)
;

boundaryField
{
    inlet
    {
        type            fixedFluxPressure;
        gradient        uniform 5686.23;
        value           uniform 7.20668e+06;
    }
    outlet
    {
        type            fixedValue;
        value           uniform 7.2e+06;
    }
    fixedWalls
    {
        type            fixedFluxPressure;
        gradient        nonuniform List<scalar> 
280
(
0
0
0
0
0
0
0
0
0
0
0
3.45057e-16
-6.47491e-18
-3.37486e-16
0
0
0
0
0
0
0
-6.92043e-16
5.86781e-18
6.80173e-16
0
0
0
0
0
0
0
0
0
0
0
-6.21908e-18
5.25908e-18
6.161e-18
0
-6.98896e-16
5.10187e-18
6.90695e-16
0
0
0
0
0
0
0
0
0
0
0
0
0
0
0
0
0
0
0
0
0
0
0
0
0
0
0
0
0
0
0
0
0
0
0
0
0
0
0
-3.45057e-16
6.47491e-18
3.37486e-16
0
0
0
0
0
0
0
6.92043e-16
-5.86781e-18
-6.80173e-16
0
0
0
0
0
0
0
0
0
0
0
6.21908e-18
-5.25908e-18
-6.161e-18
0
6.98896e-16
-5.10187e-18
-6.90695e-16
0
0
0
0
0
0
0
0
0
0
0
0
0
0
0
0
0
0
0
0
0
0
0
0
0
0
0
0
0
0
0
0
0
0
0
0
0
0
0
3.45057e-16
-6.47491e-18
-3.37486e-16
0
0
0
0
0
0
0
-6.92043e-16
5.86781e-18
6.80173e-16
0
0
0
0
0
0
0
0
0
0
0
-6.21908e-18
5.25908e-18
6.161e-18
0
-6.98896e-16
5.10187e-18
6.90695e-16
0
0
0
0
0
0
0
0
0
0
0
0
0
0
0
0
0
0
0
0
0
0
0
0
0
0
0
0
0
0
0
0
0
0
0
0
0
0
0
-3.45057e-16
6.47491e-18
3.37486e-16
0
0
0
0
0
0
0
6.92043e-16
-5.86781e-18
-6.80173e-16
0
0
0
0
0
0
0
0
0
0
0
6.21908e-18
-5.25908e-18
-6.161e-18
0
6.98896e-16
-5.10187e-18
-6.90695e-16
0
0
0
0
0
0
0
0
0
0
0
0
0
0
0
0
0
0
0
0
0
0
0
0
0
0
0
0
)
;
        value           nonuniform List<scalar> 
280
(
7.20666e+06
7.2066e+06
7.20654e+06
7.20648e+06
7.20641e+06
7.20635e+06
7.20628e+06
7.20622e+06
7.20615e+06
7.20608e+06
7.20601e+06
7.20594e+06
7.20587e+06
7.2058e+06
7.20573e+06
7.20565e+06
7.20558e+06
7.2055e+06
7.20542e+06
7.20534e+06
7.20526e+06
7.20518e+06
7.2051e+06
7.20502e+06
7.20494e+06
7.20485e+06
7.20476e+06
7.20468e+06
7.20459e+06
7.2045e+06
7.20441e+06
7.20432e+06
7.20423e+06
7.20413e+06
7.20404e+06
7.20394e+06
7.20385e+06
7.20375e+06
7.20365e+06
7.20355e+06
7.20345e+06
7.20335e+06
7.20324e+06
7.20314e+06
7.20304e+06
7.20293e+06
7.20282e+06
7.20271e+06
7.2026e+06
7.20249e+06
7.20238e+06
7.20227e+06
7.20216e+06
7.20204e+06
7.20193e+06
7.20181e+06
7.20169e+06
7.20157e+06
7.20145e+06
7.20133e+06
7.20121e+06
7.20109e+06
7.20097e+06
7.20084e+06
7.20071e+06
7.20059e+06
7.20046e+06
7.20033e+06
7.2002e+06
7.20007e+06
7.20666e+06
7.2066e+06
7.20654e+06
7.20648e+06
7.20641e+06
7.20635e+06
7.20628e+06
7.20622e+06
7.20615e+06
7.20608e+06
7.20601e+06
7.20594e+06
7.20587e+06
7.2058e+06
7.20573e+06
7.20565e+06
7.20558e+06
7.2055e+06
7.20542e+06
7.20534e+06
7.20526e+06
7.20518e+06
7.2051e+06
7.20502e+06
7.20494e+06
7.20485e+06
7.20476e+06
7.20468e+06
7.20459e+06
7.2045e+06
7.20441e+06
7.20432e+06
7.20423e+06
7.20413e+06
7.20404e+06
7.20394e+06
7.20385e+06
7.20375e+06
7.20365e+06
7.20355e+06
7.20345e+06
7.20335e+06
7.20324e+06
7.20314e+06
7.20304e+06
7.20293e+06
7.20282e+06
7.20271e+06
7.2026e+06
7.20249e+06
7.20238e+06
7.20227e+06
7.20216e+06
7.20204e+06
7.20193e+06
7.20181e+06
7.20169e+06
7.20157e+06
7.20145e+06
7.20133e+06
7.20121e+06
7.20109e+06
7.20097e+06
7.20084e+06
7.20071e+06
7.20059e+06
7.20046e+06
7.20033e+06
7.2002e+06
7.20007e+06
7.20666e+06
7.2066e+06
7.20654e+06
7.20648e+06
7.20641e+06
7.20635e+06
7.20628e+06
7.20622e+06
7.20615e+06
7.20608e+06
7.20601e+06
7.20594e+06
7.20587e+06
7.2058e+06
7.20573e+06
7.20565e+06
7.20558e+06
7.2055e+06
7.20542e+06
7.20534e+06
7.20526e+06
7.20518e+06
7.2051e+06
7.20502e+06
7.20494e+06
7.20485e+06
7.20476e+06
7.20468e+06
7.20459e+06
7.2045e+06
7.20441e+06
7.20432e+06
7.20423e+06
7.20413e+06
7.20404e+06
7.20394e+06
7.20385e+06
7.20375e+06
7.20365e+06
7.20355e+06
7.20345e+06
7.20335e+06
7.20324e+06
7.20314e+06
7.20304e+06
7.20293e+06
7.20282e+06
7.20271e+06
7.2026e+06
7.20249e+06
7.20238e+06
7.20227e+06
7.20216e+06
7.20204e+06
7.20193e+06
7.20181e+06
7.20169e+06
7.20157e+06
7.20145e+06
7.20133e+06
7.20121e+06
7.20109e+06
7.20097e+06
7.20084e+06
7.20071e+06
7.20059e+06
7.20046e+06
7.20033e+06
7.2002e+06
7.20007e+06
7.20666e+06
7.2066e+06
7.20654e+06
7.20648e+06
7.20641e+06
7.20635e+06
7.20628e+06
7.20622e+06
7.20615e+06
7.20608e+06
7.20601e+06
7.20594e+06
7.20587e+06
7.2058e+06
7.20573e+06
7.20565e+06
7.20558e+06
7.2055e+06
7.20542e+06
7.20534e+06
7.20526e+06
7.20518e+06
7.2051e+06
7.20502e+06
7.20494e+06
7.20485e+06
7.20476e+06
7.20468e+06
7.20459e+06
7.2045e+06
7.20441e+06
7.20432e+06
7.20423e+06
7.20413e+06
7.20404e+06
7.20394e+06
7.20385e+06
7.20375e+06
7.20365e+06
7.20355e+06
7.20345e+06
7.20335e+06
7.20324e+06
7.20314e+06
7.20304e+06
7.20293e+06
7.20282e+06
7.20271e+06
7.2026e+06
7.20249e+06
7.20238e+06
7.20227e+06
7.20216e+06
7.20204e+06
7.20193e+06
7.20181e+06
7.20169e+06
7.20157e+06
7.20145e+06
7.20133e+06
7.20121e+06
7.20109e+06
7.20097e+06
7.20084e+06
7.20071e+06
7.20059e+06
7.20046e+06
7.20033e+06
7.2002e+06
7.20007e+06
)
;
    }
}


// ************************************************************************* //
