/*--------------------------------*- C++ -*----------------------------------*\
| =========                 |                                                 |
| \\      /  F ield         | OpenFOAM: The Open Source CFD Toolbox           |
|  \\    /   O peration     | Version:  2406                                  |
|   \\  /    A nd           | Website:  www.openfoam.com                      |
|    \\/     M anipulation  |                                                 |
\*---------------------------------------------------------------------------*/
FoamFile
{
    version     2.0;
    format      ascii;
    arch        "LSB;label=32;scalar=64";
    class       volScalarField;
    location    "30/fluidRegion";
    object      p_rgh;
}
// * * * * * * * * * * * * * * * * * * * * * * * * * * * * * * * * * * * * * //

dimensions      [1 -1 -2 0 0 0 0];

internalField   nonuniform List<scalar> 
70
(
7.21332e+06
7.2133e+06
7.21327e+06
7.21325e+06
7.21322e+06
7.2132e+06
7.21318e+06
7.21315e+06
7.21313e+06
7.2131e+06
7.21308e+06
7.21305e+06
7.21303e+06
7.213e+06
7.21298e+06
7.21295e+06
7.21293e+06
7.2129e+06
7.21288e+06
7.21285e+06
7.21283e+06
7.2128e+06
7.21278e+06
7.21275e+06
7.21272e+06
7.2127e+06
7.21267e+06
7.21265e+06
7.21262e+06
7.21259e+06
7.21257e+06
7.21254e+06
7.21251e+06
7.21249e+06
7.21246e+06
7.21243e+06
7.2124e+06
7.21238e+06
7.21235e+06
7.21232e+06
7.2123e+06
7.21227e+06
7.21224e+06
7.21221e+06
7.21218e+06
7.21214e+06
7.21209e+06
7.21204e+06
7.21199e+06
7.21193e+06
7.21186e+06
7.21179e+06
7.21171e+06
7.21162e+06
7.21153e+06
7.21143e+06
7.21132e+06
7.2112e+06
7.21108e+06
7.21094e+06
7.2108e+06
7.21066e+06
7.21051e+06
7.21035e+06
7.21019e+06
7.21002e+06
7.20985e+06
7.20967e+06
7.20949e+06
7.20931e+06
)
;

boundaryField
{
    inlet
    {
        type            fixedFluxPressure;
        gradient        uniform 1067.58;
        value           uniform 7.21333e+06;
    }
    outlet
    {
        type            fixedValue;
        value           uniform 7.20926e+06;
    }
    fixedWalls
    {
        type            fixedFluxPressure;
        gradient        nonuniform List<scalar> 
280
(
0
0
0
0
0
0
0
0
0
0
0
0
0
0
0
0
0
0
0
0
0
0
0
0
0
0
0
0
0
0
0
0
0
0
0
0
0
0
0
0
0
0
0
0
0
3.94805e-17
-5.77899e-19
-3.65086e-17
0
0
0
0
9.05861e-17
-1.56615e-18
-8.03354e-17
0
0
0
0
0
0
1.10503e-16
-1.76289e-19
-9.95907e-17
1.15595e-16
-2.7025e-18
-1.055e-16
0
2.17439e-16
2.07714e-16
0
0
0
0
0
0
0
0
0
0
0
0
0
0
0
0
0
0
0
0
0
0
0
0
0
0
0
0
0
0
0
0
0
0
0
0
0
0
0
0
0
0
0
0
0
-3.94805e-17
5.77899e-19
3.65086e-17
0
0
0
0
-9.05861e-17
1.56615e-18
8.03354e-17
0
0
0
0
0
0
-1.10503e-16
1.76289e-19
9.95907e-17
-1.15595e-16
2.7025e-18
1.055e-16
0
-2.17439e-16
-2.07714e-16
0
0
0
0
0
0
0
0
0
0
0
0
0
0
0
0
0
0
0
0
0
0
0
0
0
0
0
0
0
0
0
0
0
0
0
0
0
0
0
0
0
0
0
0
0
3.94805e-17
-5.77899e-19
-3.65086e-17
0
0
0
0
9.05861e-17
-1.56615e-18
-8.03354e-17
0
0
0
0
0
0
1.10503e-16
-1.76289e-19
-9.95907e-17
1.15595e-16
-2.7025e-18
-1.055e-16
0
2.17439e-16
2.07714e-16
0
0
0
0
0
0
0
0
0
0
0
0
0
0
0
0
0
0
0
0
0
0
0
0
0
0
0
0
0
0
0
0
0
0
0
0
0
0
0
0
0
0
0
0
0
-3.94805e-17
5.77899e-19
3.65086e-17
0
0
0
0
-9.05861e-17
1.56615e-18
8.03354e-17
0
0
0
0
0
0
-1.10503e-16
1.76289e-19
9.95907e-17
-1.15595e-16
2.7025e-18
1.055e-16
0
-2.17439e-16
-2.07714e-16
)
;
        value           nonuniform List<scalar> 
280
(
7.21332e+06
7.2133e+06
7.21327e+06
7.21325e+06
7.21322e+06
7.2132e+06
7.21318e+06
7.21315e+06
7.21313e+06
7.2131e+06
7.21308e+06
7.21305e+06
7.21303e+06
7.213e+06
7.21298e+06
7.21295e+06
7.21293e+06
7.2129e+06
7.21288e+06
7.21285e+06
7.21283e+06
7.2128e+06
7.21278e+06
7.21275e+06
7.21272e+06
7.2127e+06
7.21267e+06
7.21265e+06
7.21262e+06
7.21259e+06
7.21257e+06
7.21254e+06
7.21251e+06
7.21249e+06
7.21246e+06
7.21243e+06
7.2124e+06
7.21238e+06
7.21235e+06
7.21232e+06
7.2123e+06
7.21227e+06
7.21224e+06
7.21221e+06
7.21218e+06
7.21214e+06
7.21209e+06
7.21204e+06
7.21199e+06
7.21193e+06
7.21186e+06
7.21179e+06
7.21171e+06
7.21162e+06
7.21153e+06
7.21143e+06
7.21132e+06
7.2112e+06
7.21108e+06
7.21094e+06
7.2108e+06
7.21066e+06
7.21051e+06
7.21035e+06
7.21019e+06
7.21002e+06
7.20985e+06
7.20967e+06
7.20949e+06
7.20931e+06
7.21332e+06
7.2133e+06
7.21327e+06
7.21325e+06
7.21322e+06
7.2132e+06
7.21318e+06
7.21315e+06
7.21313e+06
7.2131e+06
7.21308e+06
7.21305e+06
7.21303e+06
7.213e+06
7.21298e+06
7.21295e+06
7.21293e+06
7.2129e+06
7.21288e+06
7.21285e+06
7.21283e+06
7.2128e+06
7.21278e+06
7.21275e+06
7.21272e+06
7.2127e+06
7.21267e+06
7.21265e+06
7.21262e+06
7.21259e+06
7.21257e+06
7.21254e+06
7.21251e+06
7.21249e+06
7.21246e+06
7.21243e+06
7.2124e+06
7.21238e+06
7.21235e+06
7.21232e+06
7.2123e+06
7.21227e+06
7.21224e+06
7.21221e+06
7.21218e+06
7.21214e+06
7.21209e+06
7.21204e+06
7.21199e+06
7.21193e+06
7.21186e+06
7.21179e+06
7.21171e+06
7.21162e+06
7.21153e+06
7.21143e+06
7.21132e+06
7.2112e+06
7.21108e+06
7.21094e+06
7.2108e+06
7.21066e+06
7.21051e+06
7.21035e+06
7.21019e+06
7.21002e+06
7.20985e+06
7.20967e+06
7.20949e+06
7.20931e+06
7.21332e+06
7.2133e+06
7.21327e+06
7.21325e+06
7.21322e+06
7.2132e+06
7.21318e+06
7.21315e+06
7.21313e+06
7.2131e+06
7.21308e+06
7.21305e+06
7.21303e+06
7.213e+06
7.21298e+06
7.21295e+06
7.21293e+06
7.2129e+06
7.21288e+06
7.21285e+06
7.21283e+06
7.2128e+06
7.21278e+06
7.21275e+06
7.21272e+06
7.2127e+06
7.21267e+06
7.21265e+06
7.21262e+06
7.21259e+06
7.21257e+06
7.21254e+06
7.21251e+06
7.21249e+06
7.21246e+06
7.21243e+06
7.2124e+06
7.21238e+06
7.21235e+06
7.21232e+06
7.2123e+06
7.21227e+06
7.21224e+06
7.21221e+06
7.21218e+06
7.21214e+06
7.21209e+06
7.21204e+06
7.21199e+06
7.21193e+06
7.21186e+06
7.21179e+06
7.21171e+06
7.21162e+06
7.21153e+06
7.21143e+06
7.21132e+06
7.2112e+06
7.21108e+06
7.21094e+06
7.2108e+06
7.21066e+06
7.21051e+06
7.21035e+06
7.21019e+06
7.21002e+06
7.20985e+06
7.20967e+06
7.20949e+06
7.20931e+06
7.21332e+06
7.2133e+06
7.21327e+06
7.21325e+06
7.21322e+06
7.2132e+06
7.21318e+06
7.21315e+06
7.21313e+06
7.2131e+06
7.21308e+06
7.21305e+06
7.21303e+06
7.213e+06
7.21298e+06
7.21295e+06
7.21293e+06
7.2129e+06
7.21288e+06
7.21285e+06
7.21283e+06
7.2128e+06
7.21278e+06
7.21275e+06
7.21272e+06
7.2127e+06
7.21267e+06
7.21265e+06
7.21262e+06
7.21259e+06
7.21257e+06
7.21254e+06
7.21251e+06
7.21249e+06
7.21246e+06
7.21243e+06
7.2124e+06
7.21238e+06
7.21235e+06
7.21232e+06
7.2123e+06
7.21227e+06
7.21224e+06
7.21221e+06
7.21218e+06
7.21214e+06
7.21209e+06
7.21204e+06
7.21199e+06
7.21193e+06
7.21186e+06
7.21179e+06
7.21171e+06
7.21162e+06
7.21153e+06
7.21143e+06
7.21132e+06
7.2112e+06
7.21108e+06
7.21094e+06
7.2108e+06
7.21066e+06
7.21051e+06
7.21035e+06
7.21019e+06
7.21002e+06
7.20985e+06
7.20967e+06
7.20949e+06
7.20931e+06
)
;
    }
}


// ************************************************************************* //
