/*--------------------------------*- C++ -*----------------------------------*\
| =========                 |                                                 |
| \\      /  F ield         | OpenFOAM: The Open Source CFD Toolbox           |
|  \\    /   O peration     | Version:  2406                                  |
|   \\  /    A nd           | Website:  www.openfoam.com                      |
|    \\/     M anipulation  |                                                 |
\*---------------------------------------------------------------------------*/
FoamFile
{
    version     2.0;
    format      ascii;
    arch        "LSB;label=32;scalar=64";
    class       volScalarField;
    location    "30/fluidRegion";
    object      p_rgh;
}
// * * * * * * * * * * * * * * * * * * * * * * * * * * * * * * * * * * * * * //

dimensions      [1 -1 -2 0 0 0 0];

internalField   nonuniform List<scalar> 
70
(
7.23543e+06
7.23541e+06
7.23538e+06
7.23535e+06
7.23531e+06
7.23527e+06
7.23523e+06
7.23517e+06
7.23511e+06
7.23504e+06
7.23496e+06
7.23486e+06
7.23475e+06
7.23463e+06
7.23449e+06
7.23433e+06
7.23415e+06
7.23395e+06
7.23374e+06
7.2335e+06
7.23326e+06
7.233e+06
7.23273e+06
7.23245e+06
7.23216e+06
7.23186e+06
7.23155e+06
7.23123e+06
7.2309e+06
7.23056e+06
7.2302e+06
7.22984e+06
7.22946e+06
7.22908e+06
7.22868e+06
7.22827e+06
7.22785e+06
7.22742e+06
7.22698e+06
7.22653e+06
7.22607e+06
7.22559e+06
7.22511e+06
7.22461e+06
7.22411e+06
7.22359e+06
7.22306e+06
7.22251e+06
7.22194e+06
7.22135e+06
7.22074e+06
7.22012e+06
7.21948e+06
7.21882e+06
7.21814e+06
7.21744e+06
7.21672e+06
7.21598e+06
7.21522e+06
7.21444e+06
7.21364e+06
7.21282e+06
7.21198e+06
7.21112e+06
7.21024e+06
7.20934e+06
7.20842e+06
7.20748e+06
7.20652e+06
7.20552e+06
)
;

boundaryField
{
    inlet
    {
        type            fixedFluxPressure;
        gradient        uniform 1065.95;
        value           uniform 7.23544e+06;
    }
    outlet
    {
        type            prghPressure;
        p               uniform 7.2e+06;
        value           uniform 7.20502e+06;
    }
    fixedWalls
    {
        type            fixedFluxPressure;
        gradient        nonuniform List<scalar> 
280
(
0
0
0
0
0
0
0
0
0
0
0
0
0
0
0
0
0
0
0
0
0
0
0
0
0
0
0
0
0
0
0
0
0
0
0
0
0
0
0
0
0
0
0
0
0
5.06021e-16
-1.31661e-17
-4.98483e-16
0
0
0
0
1.01435e-15
-1.25859e-17
-1.0036e-15
0
0
0
0
0
0
5.1161e-16
-1.20819e-17
-5.0775e-16
1.02162e-15
-2.39009e-17
-1.01466e-15
0
1.02038e-15
1.00333e-15
0
0
0
0
0
0
0
0
0
0
0
0
0
0
0
0
0
0
0
0
0
0
0
0
0
0
0
0
0
0
0
0
0
0
0
0
0
0
0
0
0
0
0
0
0
-5.06021e-16
1.31661e-17
4.98483e-16
0
0
0
0
-1.01435e-15
1.25859e-17
1.0036e-15
0
0
0
0
0
0
-5.1161e-16
1.20819e-17
5.0775e-16
-1.02162e-15
2.39009e-17
1.01466e-15
0
-1.02038e-15
-1.00333e-15
0
0
0
0
0
0
0
0
0
0
0
0
0
0
0
0
0
0
0
0
0
0
0
0
0
0
0
0
0
0
0
0
0
0
0
0
0
0
0
0
0
0
0
0
0
5.06021e-16
-1.31661e-17
-4.98483e-16
0
0
0
0
1.01435e-15
-1.25859e-17
-1.0036e-15
0
0
0
0
0
0
5.1161e-16
-1.20819e-17
-5.0775e-16
1.02162e-15
-2.39009e-17
-1.01466e-15
0
1.02038e-15
1.00333e-15
0
0
0
0
0
0
0
0
0
0
0
0
0
0
0
0
0
0
0
0
0
0
0
0
0
0
0
0
0
0
0
0
0
0
0
0
0
0
0
0
0
0
0
0
0
-5.06021e-16
1.31661e-17
4.98483e-16
0
0
0
0
-1.01435e-15
1.25859e-17
1.0036e-15
0
0
0
0
0
0
-5.1161e-16
1.20819e-17
5.0775e-16
-1.02162e-15
2.39009e-17
1.01466e-15
0
-1.02038e-15
-1.00333e-15
)
;
        value           nonuniform List<scalar> 
280
(
7.23543e+06
7.23541e+06
7.23538e+06
7.23535e+06
7.23531e+06
7.23527e+06
7.23523e+06
7.23517e+06
7.23511e+06
7.23504e+06
7.23496e+06
7.23486e+06
7.23475e+06
7.23463e+06
7.23449e+06
7.23433e+06
7.23415e+06
7.23395e+06
7.23374e+06
7.2335e+06
7.23326e+06
7.233e+06
7.23273e+06
7.23245e+06
7.23216e+06
7.23186e+06
7.23155e+06
7.23123e+06
7.2309e+06
7.23056e+06
7.2302e+06
7.22984e+06
7.22946e+06
7.22908e+06
7.22868e+06
7.22827e+06
7.22785e+06
7.22742e+06
7.22698e+06
7.22653e+06
7.22607e+06
7.22559e+06
7.22511e+06
7.22461e+06
7.22411e+06
7.22359e+06
7.22306e+06
7.22251e+06
7.22194e+06
7.22135e+06
7.22074e+06
7.22012e+06
7.21948e+06
7.21882e+06
7.21814e+06
7.21744e+06
7.21672e+06
7.21598e+06
7.21522e+06
7.21444e+06
7.21364e+06
7.21282e+06
7.21198e+06
7.21112e+06
7.21024e+06
7.20934e+06
7.20842e+06
7.20748e+06
7.20652e+06
7.20552e+06
7.23543e+06
7.23541e+06
7.23538e+06
7.23535e+06
7.23531e+06
7.23527e+06
7.23523e+06
7.23517e+06
7.23511e+06
7.23504e+06
7.23496e+06
7.23486e+06
7.23475e+06
7.23463e+06
7.23449e+06
7.23433e+06
7.23415e+06
7.23395e+06
7.23374e+06
7.2335e+06
7.23326e+06
7.233e+06
7.23273e+06
7.23245e+06
7.23216e+06
7.23186e+06
7.23155e+06
7.23123e+06
7.2309e+06
7.23056e+06
7.2302e+06
7.22984e+06
7.22946e+06
7.22908e+06
7.22868e+06
7.22827e+06
7.22785e+06
7.22742e+06
7.22698e+06
7.22653e+06
7.22607e+06
7.22559e+06
7.22511e+06
7.22461e+06
7.22411e+06
7.22359e+06
7.22306e+06
7.22251e+06
7.22194e+06
7.22135e+06
7.22074e+06
7.22012e+06
7.21948e+06
7.21882e+06
7.21814e+06
7.21744e+06
7.21672e+06
7.21598e+06
7.21522e+06
7.21444e+06
7.21364e+06
7.21282e+06
7.21198e+06
7.21112e+06
7.21024e+06
7.20934e+06
7.20842e+06
7.20748e+06
7.20652e+06
7.20552e+06
7.23543e+06
7.23541e+06
7.23538e+06
7.23535e+06
7.23531e+06
7.23527e+06
7.23523e+06
7.23517e+06
7.23511e+06
7.23504e+06
7.23496e+06
7.23486e+06
7.23475e+06
7.23463e+06
7.23449e+06
7.23433e+06
7.23415e+06
7.23395e+06
7.23374e+06
7.2335e+06
7.23326e+06
7.233e+06
7.23273e+06
7.23245e+06
7.23216e+06
7.23186e+06
7.23155e+06
7.23123e+06
7.2309e+06
7.23056e+06
7.2302e+06
7.22984e+06
7.22946e+06
7.22908e+06
7.22868e+06
7.22827e+06
7.22785e+06
7.22742e+06
7.22698e+06
7.22653e+06
7.22607e+06
7.22559e+06
7.22511e+06
7.22461e+06
7.22411e+06
7.22359e+06
7.22306e+06
7.22251e+06
7.22194e+06
7.22135e+06
7.22074e+06
7.22012e+06
7.21948e+06
7.21882e+06
7.21814e+06
7.21744e+06
7.21672e+06
7.21598e+06
7.21522e+06
7.21444e+06
7.21364e+06
7.21282e+06
7.21198e+06
7.21112e+06
7.21024e+06
7.20934e+06
7.20842e+06
7.20748e+06
7.20652e+06
7.20552e+06
7.23543e+06
7.23541e+06
7.23538e+06
7.23535e+06
7.23531e+06
7.23527e+06
7.23523e+06
7.23517e+06
7.23511e+06
7.23504e+06
7.23496e+06
7.23486e+06
7.23475e+06
7.23463e+06
7.23449e+06
7.23433e+06
7.23415e+06
7.23395e+06
7.23374e+06
7.2335e+06
7.23326e+06
7.233e+06
7.23273e+06
7.23245e+06
7.23216e+06
7.23186e+06
7.23155e+06
7.23123e+06
7.2309e+06
7.23056e+06
7.2302e+06
7.22984e+06
7.22946e+06
7.22908e+06
7.22868e+06
7.22827e+06
7.22785e+06
7.22742e+06
7.22698e+06
7.22653e+06
7.22607e+06
7.22559e+06
7.22511e+06
7.22461e+06
7.22411e+06
7.22359e+06
7.22306e+06
7.22251e+06
7.22194e+06
7.22135e+06
7.22074e+06
7.22012e+06
7.21948e+06
7.21882e+06
7.21814e+06
7.21744e+06
7.21672e+06
7.21598e+06
7.21522e+06
7.21444e+06
7.21364e+06
7.21282e+06
7.21198e+06
7.21112e+06
7.21024e+06
7.20934e+06
7.20842e+06
7.20748e+06
7.20652e+06
7.20552e+06
)
;
    }
}


// ************************************************************************* //
