/*--------------------------------*- C++ -*----------------------------------*\
| =========                 |                                                 |
| \\      /  F ield         | OpenFOAM: The Open Source CFD Toolbox           |
|  \\    /   O peration     | Version:  2406                                  |
|   \\  /    A nd           | Website:  www.openfoam.com                      |
|    \\/     M anipulation  |                                                 |
\*---------------------------------------------------------------------------*/
FoamFile
{
    version     2.0;
    format      ascii;
    arch        "LSB;label=32;scalar=64";
    class       volScalarField;
    location    "30/fluidRegion";
    object      p_rgh;
}
// * * * * * * * * * * * * * * * * * * * * * * * * * * * * * * * * * * * * * //

dimensions      [1 -1 -2 0 0 0 0];

internalField   nonuniform List<scalar> 
70
(
7.23045e+06
7.23042e+06
7.2304e+06
7.23036e+06
7.23033e+06
7.23029e+06
7.23024e+06
7.23019e+06
7.23013e+06
7.23005e+06
7.22997e+06
7.22988e+06
7.22977e+06
7.22964e+06
7.2295e+06
7.22934e+06
7.22916e+06
7.22896e+06
7.22875e+06
7.22851e+06
7.22827e+06
7.22801e+06
7.22774e+06
7.22746e+06
7.22717e+06
7.22687e+06
7.22656e+06
7.22624e+06
7.2259e+06
7.22556e+06
7.22521e+06
7.22484e+06
7.22447e+06
7.22408e+06
7.22369e+06
7.22328e+06
7.22286e+06
7.22243e+06
7.22199e+06
7.22153e+06
7.22107e+06
7.2206e+06
7.22011e+06
7.21962e+06
7.21911e+06
7.21859e+06
7.21806e+06
7.2175e+06
7.21694e+06
7.21635e+06
7.21574e+06
7.21512e+06
7.21447e+06
7.21381e+06
7.21313e+06
7.21243e+06
7.21171e+06
7.21097e+06
7.21021e+06
7.20943e+06
7.20863e+06
7.20781e+06
7.20697e+06
7.20611e+06
7.20523e+06
7.20433e+06
7.20341e+06
7.20246e+06
7.2015e+06
7.2005e+06
)
;

boundaryField
{
    inlet
    {
        type            fixedFluxPressure;
        gradient        uniform 1065.95;
        value           uniform 7.23046e+06;
    }
    outlet
    {
        type            fixedValue;
        value           uniform 7.2e+06;
    }
    fixedWalls
    {
        type            fixedFluxPressure;
        gradient        nonuniform List<scalar> 
280
(
0
0
0
0
0
0
0
0
0
0
0
0
0
0
0
0
0
0
0
0
0
0
0
0
0
0
0
0
0
0
0
0
0
0
0
0
0
0
0
0
0
0
0
0
0
1.00915e-15
-1.31617e-17
-9.94139e-16
0
0
0
0
5.08224e-16
-1.25877e-17
-5.02855e-16
0
0
0
0
0
0
5.11531e-16
-1.208e-17
-5.07681e-16
1.02365e-15
-2.38981e-17
-1.01672e-15
0
4.23566e-18
-1.66972e-18
0
0
0
0
0
0
0
0
0
0
0
0
0
0
0
0
0
0
0
0
0
0
0
0
0
0
0
0
0
0
0
0
0
0
0
0
0
0
0
0
0
0
0
0
0
-1.00915e-15
1.31617e-17
9.94139e-16
0
0
0
0
-5.08224e-16
1.25877e-17
5.02855e-16
0
0
0
0
0
0
-5.11531e-16
1.208e-17
5.07681e-16
-1.02365e-15
2.38981e-17
1.01672e-15
0
-4.23566e-18
1.66972e-18
0
0
0
0
0
0
0
0
0
0
0
0
0
0
0
0
0
0
0
0
0
0
0
0
0
0
0
0
0
0
0
0
0
0
0
0
0
0
0
0
0
0
0
0
0
1.00915e-15
-1.31617e-17
-9.94139e-16
0
0
0
0
5.08224e-16
-1.25877e-17
-5.02855e-16
0
0
0
0
0
0
5.11531e-16
-1.208e-17
-5.07681e-16
1.02365e-15
-2.38981e-17
-1.01672e-15
0
4.23566e-18
-1.66972e-18
0
0
0
0
0
0
0
0
0
0
0
0
0
0
0
0
0
0
0
0
0
0
0
0
0
0
0
0
0
0
0
0
0
0
0
0
0
0
0
0
0
0
0
0
0
-1.00915e-15
1.31617e-17
9.94139e-16
0
0
0
0
-5.08224e-16
1.25877e-17
5.02855e-16
0
0
0
0
0
0
-5.11531e-16
1.208e-17
5.07681e-16
-1.02365e-15
2.38981e-17
1.01672e-15
0
-4.23566e-18
1.66972e-18
)
;
        value           nonuniform List<scalar> 
280
(
7.23045e+06
7.23042e+06
7.2304e+06
7.23036e+06
7.23033e+06
7.23029e+06
7.23024e+06
7.23019e+06
7.23013e+06
7.23005e+06
7.22997e+06
7.22988e+06
7.22977e+06
7.22964e+06
7.2295e+06
7.22934e+06
7.22916e+06
7.22896e+06
7.22875e+06
7.22851e+06
7.22827e+06
7.22801e+06
7.22774e+06
7.22746e+06
7.22717e+06
7.22687e+06
7.22656e+06
7.22624e+06
7.2259e+06
7.22556e+06
7.22521e+06
7.22484e+06
7.22447e+06
7.22408e+06
7.22369e+06
7.22328e+06
7.22286e+06
7.22243e+06
7.22199e+06
7.22153e+06
7.22107e+06
7.2206e+06
7.22011e+06
7.21962e+06
7.21911e+06
7.21859e+06
7.21806e+06
7.2175e+06
7.21694e+06
7.21635e+06
7.21574e+06
7.21512e+06
7.21447e+06
7.21381e+06
7.21313e+06
7.21243e+06
7.21171e+06
7.21097e+06
7.21021e+06
7.20943e+06
7.20863e+06
7.20781e+06
7.20697e+06
7.20611e+06
7.20523e+06
7.20433e+06
7.20341e+06
7.20246e+06
7.2015e+06
7.2005e+06
7.23045e+06
7.23042e+06
7.2304e+06
7.23036e+06
7.23033e+06
7.23029e+06
7.23024e+06
7.23019e+06
7.23013e+06
7.23005e+06
7.22997e+06
7.22988e+06
7.22977e+06
7.22964e+06
7.2295e+06
7.22934e+06
7.22916e+06
7.22896e+06
7.22875e+06
7.22851e+06
7.22827e+06
7.22801e+06
7.22774e+06
7.22746e+06
7.22717e+06
7.22687e+06
7.22656e+06
7.22624e+06
7.2259e+06
7.22556e+06
7.22521e+06
7.22484e+06
7.22447e+06
7.22408e+06
7.22369e+06
7.22328e+06
7.22286e+06
7.22243e+06
7.22199e+06
7.22153e+06
7.22107e+06
7.2206e+06
7.22011e+06
7.21962e+06
7.21911e+06
7.21859e+06
7.21806e+06
7.2175e+06
7.21694e+06
7.21635e+06
7.21574e+06
7.21512e+06
7.21447e+06
7.21381e+06
7.21313e+06
7.21243e+06
7.21171e+06
7.21097e+06
7.21021e+06
7.20943e+06
7.20863e+06
7.20781e+06
7.20697e+06
7.20611e+06
7.20523e+06
7.20433e+06
7.20341e+06
7.20246e+06
7.2015e+06
7.2005e+06
7.23045e+06
7.23042e+06
7.2304e+06
7.23036e+06
7.23033e+06
7.23029e+06
7.23024e+06
7.23019e+06
7.23013e+06
7.23005e+06
7.22997e+06
7.22988e+06
7.22977e+06
7.22964e+06
7.2295e+06
7.22934e+06
7.22916e+06
7.22896e+06
7.22875e+06
7.22851e+06
7.22827e+06
7.22801e+06
7.22774e+06
7.22746e+06
7.22717e+06
7.22687e+06
7.22656e+06
7.22624e+06
7.2259e+06
7.22556e+06
7.22521e+06
7.22484e+06
7.22447e+06
7.22408e+06
7.22369e+06
7.22328e+06
7.22286e+06
7.22243e+06
7.22199e+06
7.22153e+06
7.22107e+06
7.2206e+06
7.22011e+06
7.21962e+06
7.21911e+06
7.21859e+06
7.21806e+06
7.2175e+06
7.21694e+06
7.21635e+06
7.21574e+06
7.21512e+06
7.21447e+06
7.21381e+06
7.21313e+06
7.21243e+06
7.21171e+06
7.21097e+06
7.21021e+06
7.20943e+06
7.20863e+06
7.20781e+06
7.20697e+06
7.20611e+06
7.20523e+06
7.20433e+06
7.20341e+06
7.20246e+06
7.2015e+06
7.2005e+06
7.23045e+06
7.23042e+06
7.2304e+06
7.23036e+06
7.23033e+06
7.23029e+06
7.23024e+06
7.23019e+06
7.23013e+06
7.23005e+06
7.22997e+06
7.22988e+06
7.22977e+06
7.22964e+06
7.2295e+06
7.22934e+06
7.22916e+06
7.22896e+06
7.22875e+06
7.22851e+06
7.22827e+06
7.22801e+06
7.22774e+06
7.22746e+06
7.22717e+06
7.22687e+06
7.22656e+06
7.22624e+06
7.2259e+06
7.22556e+06
7.22521e+06
7.22484e+06
7.22447e+06
7.22408e+06
7.22369e+06
7.22328e+06
7.22286e+06
7.22243e+06
7.22199e+06
7.22153e+06
7.22107e+06
7.2206e+06
7.22011e+06
7.21962e+06
7.21911e+06
7.21859e+06
7.21806e+06
7.2175e+06
7.21694e+06
7.21635e+06
7.21574e+06
7.21512e+06
7.21447e+06
7.21381e+06
7.21313e+06
7.21243e+06
7.21171e+06
7.21097e+06
7.21021e+06
7.20943e+06
7.20863e+06
7.20781e+06
7.20697e+06
7.20611e+06
7.20523e+06
7.20433e+06
7.20341e+06
7.20246e+06
7.2015e+06
7.2005e+06
)
;
    }
}


// ************************************************************************* //
