/*--------------------------------*- C++ -*----------------------------------*\
| =========                 |                                                 |
| \\      /  F ield         | OpenFOAM: The Open Source CFD Toolbox           |
|  \\    /   O peration     | Version:  2406                                  |
|   \\  /    A nd           | Website:  www.openfoam.com                      |
|    \\/     M anipulation  |                                                 |
\*---------------------------------------------------------------------------*/
FoamFile
{
    version     2.0;
    format      ascii;
    arch        "LSB;label=32;scalar=64";
    class       volScalarField;
    location    "30/fluidRegion";
    object      p_rgh;
}
// * * * * * * * * * * * * * * * * * * * * * * * * * * * * * * * * * * * * * //

dimensions      [1 -1 -2 0 0 0 0];

internalField   nonuniform List<scalar> 
70
(
7.20172e+06
7.2017e+06
7.20167e+06
7.20165e+06
7.20162e+06
7.2016e+06
7.20158e+06
7.20155e+06
7.20153e+06
7.2015e+06
7.20148e+06
7.20146e+06
7.20143e+06
7.20141e+06
7.20138e+06
7.20136e+06
7.20134e+06
7.20131e+06
7.20129e+06
7.20126e+06
7.20124e+06
7.20121e+06
7.20119e+06
7.20117e+06
7.20114e+06
7.20112e+06
7.20109e+06
7.20107e+06
7.20104e+06
7.20102e+06
7.20099e+06
7.20097e+06
7.20095e+06
7.20092e+06
7.2009e+06
7.20087e+06
7.20085e+06
7.20082e+06
7.2008e+06
7.20077e+06
7.20075e+06
7.20072e+06
7.2007e+06
7.20067e+06
7.20065e+06
7.20062e+06
7.2006e+06
7.20057e+06
7.20055e+06
7.20052e+06
7.2005e+06
7.20047e+06
7.20045e+06
7.20042e+06
7.2004e+06
7.20037e+06
7.20035e+06
7.20032e+06
7.20029e+06
7.20027e+06
7.20024e+06
7.20022e+06
7.20019e+06
7.20017e+06
7.20014e+06
7.20012e+06
7.20009e+06
7.20006e+06
7.20004e+06
7.20001e+06
)
;

boundaryField
{
    inlet
    {
        type            fixedFluxPressure;
        gradient        uniform 1067.9;
        value           uniform 7.20173e+06;
    }
    outlet
    {
        type            fixedValue;
        value           uniform 7.2e+06;
    }
    fixedWalls
    {
        type            fixedFluxPressure;
        gradient        nonuniform List<scalar> 
280
(
0
0
0
0
0
0
0
0
0
0
0
0
0
0
0
0
0
0
0
0
0
0
0
0
0
0
0
0
0
0
0
0
0
0
0
0
0
0
0
0
0
0
0
0
0
3.20917e-17
-6.86894e-21
-3.20917e-17
0
0
0
0
3.19406e-17
-1.37379e-20
-3.19406e-17
0
0
0
0
0
0
6.35171e-17
-6.86894e-21
-6.35171e-17
6.33935e-17
-6.86894e-21
-6.33935e-17
0
3.16178e-17
3.16143e-17
0
0
0
0
0
0
0
0
0
0
0
0
0
0
0
0
0
0
0
0
0
0
0
0
0
0
0
0
0
0
0
0
0
0
0
0
0
0
0
0
0
0
0
0
0
-3.20917e-17
6.86894e-21
3.20917e-17
0
0
0
0
-3.19406e-17
1.37379e-20
3.19406e-17
0
0
0
0
0
0
-6.35171e-17
6.86894e-21
6.35171e-17
-6.33935e-17
6.86894e-21
6.33935e-17
0
-3.16178e-17
-3.16143e-17
0
0
0
0
0
0
0
0
0
0
0
0
0
0
0
0
0
0
0
0
0
0
0
0
0
0
0
0
0
0
0
0
0
0
0
0
0
0
0
0
0
0
0
0
0
3.20917e-17
-6.86894e-21
-3.20917e-17
0
0
0
0
3.19406e-17
-1.37379e-20
-3.19406e-17
0
0
0
0
0
0
6.35171e-17
-6.86894e-21
-6.35171e-17
6.33935e-17
-6.86894e-21
-6.33935e-17
0
3.16178e-17
3.16143e-17
0
0
0
0
0
0
0
0
0
0
0
0
0
0
0
0
0
0
0
0
0
0
0
0
0
0
0
0
0
0
0
0
0
0
0
0
0
0
0
0
0
0
0
0
0
-3.20917e-17
6.86894e-21
3.20917e-17
0
0
0
0
-3.19406e-17
1.37379e-20
3.19406e-17
0
0
0
0
0
0
-6.35171e-17
6.86894e-21
6.35171e-17
-6.33935e-17
6.86894e-21
6.33935e-17
0
-3.16178e-17
-3.16143e-17
)
;
        value           nonuniform List<scalar> 
280
(
7.20172e+06
7.2017e+06
7.20167e+06
7.20165e+06
7.20162e+06
7.2016e+06
7.20158e+06
7.20155e+06
7.20153e+06
7.2015e+06
7.20148e+06
7.20146e+06
7.20143e+06
7.20141e+06
7.20138e+06
7.20136e+06
7.20134e+06
7.20131e+06
7.20129e+06
7.20126e+06
7.20124e+06
7.20121e+06
7.20119e+06
7.20117e+06
7.20114e+06
7.20112e+06
7.20109e+06
7.20107e+06
7.20104e+06
7.20102e+06
7.20099e+06
7.20097e+06
7.20095e+06
7.20092e+06
7.2009e+06
7.20087e+06
7.20085e+06
7.20082e+06
7.2008e+06
7.20077e+06
7.20075e+06
7.20072e+06
7.2007e+06
7.20067e+06
7.20065e+06
7.20062e+06
7.2006e+06
7.20057e+06
7.20055e+06
7.20052e+06
7.2005e+06
7.20047e+06
7.20045e+06
7.20042e+06
7.2004e+06
7.20037e+06
7.20035e+06
7.20032e+06
7.20029e+06
7.20027e+06
7.20024e+06
7.20022e+06
7.20019e+06
7.20017e+06
7.20014e+06
7.20012e+06
7.20009e+06
7.20006e+06
7.20004e+06
7.20001e+06
7.20172e+06
7.2017e+06
7.20167e+06
7.20165e+06
7.20162e+06
7.2016e+06
7.20158e+06
7.20155e+06
7.20153e+06
7.2015e+06
7.20148e+06
7.20146e+06
7.20143e+06
7.20141e+06
7.20138e+06
7.20136e+06
7.20134e+06
7.20131e+06
7.20129e+06
7.20126e+06
7.20124e+06
7.20121e+06
7.20119e+06
7.20117e+06
7.20114e+06
7.20112e+06
7.20109e+06
7.20107e+06
7.20104e+06
7.20102e+06
7.20099e+06
7.20097e+06
7.20095e+06
7.20092e+06
7.2009e+06
7.20087e+06
7.20085e+06
7.20082e+06
7.2008e+06
7.20077e+06
7.20075e+06
7.20072e+06
7.2007e+06
7.20067e+06
7.20065e+06
7.20062e+06
7.2006e+06
7.20057e+06
7.20055e+06
7.20052e+06
7.2005e+06
7.20047e+06
7.20045e+06
7.20042e+06
7.2004e+06
7.20037e+06
7.20035e+06
7.20032e+06
7.20029e+06
7.20027e+06
7.20024e+06
7.20022e+06
7.20019e+06
7.20017e+06
7.20014e+06
7.20012e+06
7.20009e+06
7.20006e+06
7.20004e+06
7.20001e+06
7.20172e+06
7.2017e+06
7.20167e+06
7.20165e+06
7.20162e+06
7.2016e+06
7.20158e+06
7.20155e+06
7.20153e+06
7.2015e+06
7.20148e+06
7.20146e+06
7.20143e+06
7.20141e+06
7.20138e+06
7.20136e+06
7.20134e+06
7.20131e+06
7.20129e+06
7.20126e+06
7.20124e+06
7.20121e+06
7.20119e+06
7.20117e+06
7.20114e+06
7.20112e+06
7.20109e+06
7.20107e+06
7.20104e+06
7.20102e+06
7.20099e+06
7.20097e+06
7.20095e+06
7.20092e+06
7.2009e+06
7.20087e+06
7.20085e+06
7.20082e+06
7.2008e+06
7.20077e+06
7.20075e+06
7.20072e+06
7.2007e+06
7.20067e+06
7.20065e+06
7.20062e+06
7.2006e+06
7.20057e+06
7.20055e+06
7.20052e+06
7.2005e+06
7.20047e+06
7.20045e+06
7.20042e+06
7.2004e+06
7.20037e+06
7.20035e+06
7.20032e+06
7.20029e+06
7.20027e+06
7.20024e+06
7.20022e+06
7.20019e+06
7.20017e+06
7.20014e+06
7.20012e+06
7.20009e+06
7.20006e+06
7.20004e+06
7.20001e+06
7.20172e+06
7.2017e+06
7.20167e+06
7.20165e+06
7.20162e+06
7.2016e+06
7.20158e+06
7.20155e+06
7.20153e+06
7.2015e+06
7.20148e+06
7.20146e+06
7.20143e+06
7.20141e+06
7.20138e+06
7.20136e+06
7.20134e+06
7.20131e+06
7.20129e+06
7.20126e+06
7.20124e+06
7.20121e+06
7.20119e+06
7.20117e+06
7.20114e+06
7.20112e+06
7.20109e+06
7.20107e+06
7.20104e+06
7.20102e+06
7.20099e+06
7.20097e+06
7.20095e+06
7.20092e+06
7.2009e+06
7.20087e+06
7.20085e+06
7.20082e+06
7.2008e+06
7.20077e+06
7.20075e+06
7.20072e+06
7.2007e+06
7.20067e+06
7.20065e+06
7.20062e+06
7.2006e+06
7.20057e+06
7.20055e+06
7.20052e+06
7.2005e+06
7.20047e+06
7.20045e+06
7.20042e+06
7.2004e+06
7.20037e+06
7.20035e+06
7.20032e+06
7.20029e+06
7.20027e+06
7.20024e+06
7.20022e+06
7.20019e+06
7.20017e+06
7.20014e+06
7.20012e+06
7.20009e+06
7.20006e+06
7.20004e+06
7.20001e+06
)
;
    }
}


// ************************************************************************* //
