/*--------------------------------*- C++ -*----------------------------------*\
| =========                 |                                                 |
| \\      /  F ield         | OpenFOAM: The Open Source CFD Toolbox           |
|  \\    /   O peration     | Version:  2406                                  |
|   \\  /    A nd           | Website:  www.openfoam.com                      |
|    \\/     M anipulation  |                                                 |
\*---------------------------------------------------------------------------*/
FoamFile
{
    version     2.0;
    format      ascii;
    arch        "LSB;label=32;scalar=64";
    class       volScalarField;
    location    "30/fluidRegion";
    object      p_rgh;
}
// * * * * * * * * * * * * * * * * * * * * * * * * * * * * * * * * * * * * * //

dimensions      [1 -1 -2 0 0 0 0];

internalField   nonuniform List<scalar> 
70
(
7.23437e+06
7.23435e+06
7.23432e+06
7.23429e+06
7.23425e+06
7.23421e+06
7.23417e+06
7.23411e+06
7.23405e+06
7.23398e+06
7.2339e+06
7.2338e+06
7.23369e+06
7.23357e+06
7.23343e+06
7.23327e+06
7.23309e+06
7.23289e+06
7.23267e+06
7.23244e+06
7.2322e+06
7.23194e+06
7.23167e+06
7.23139e+06
7.2311e+06
7.2308e+06
7.23049e+06
7.23017e+06
7.22984e+06
7.22949e+06
7.22914e+06
7.22878e+06
7.2284e+06
7.22802e+06
7.22762e+06
7.22721e+06
7.22679e+06
7.22636e+06
7.22592e+06
7.22547e+06
7.22501e+06
7.22453e+06
7.22405e+06
7.22355e+06
7.22305e+06
7.22253e+06
7.22199e+06
7.22144e+06
7.22087e+06
7.22029e+06
7.21968e+06
7.21906e+06
7.21842e+06
7.21775e+06
7.21707e+06
7.21637e+06
7.21565e+06
7.21492e+06
7.21416e+06
7.21338e+06
7.21258e+06
7.21176e+06
7.21092e+06
7.21006e+06
7.20918e+06
7.20828e+06
7.20736e+06
7.20641e+06
7.20546e+06
7.20446e+06
)
;

boundaryField
{
    inlet
    {
        type            fixedFluxPressure;
        gradient        uniform 1065.95;
        value           uniform 7.23438e+06;
    }
    outlet
    {
        type            fixedValue;
        value           uniform 7.20395e+06;
    }
    fixedWalls
    {
        type            fixedFluxPressure;
        gradient        nonuniform List<scalar> 
280
(
0
0
0
0
0
0
0
0
0
0
0
0
0
0
0
0
0
0
0
0
0
0
0
0
0
0
0
0
0
0
0
0
0
0
0
0
0
0
0
0
0
0
0
0
0
5.08494e-16
-1.31646e-17
-5.00934e-16
0
0
0
0
1.01426e-15
-1.25895e-17
-1.00351e-15
0
0
0
0
0
0
1.02317e-15
-1.20813e-17
-1.01546e-15
1.02158e-15
-1.1949e-17
-1.01464e-15
0
1.02036e-15
1.00922e-15
0
0
0
0
0
0
0
0
0
0
0
0
0
0
0
0
0
0
0
0
0
0
0
0
0
0
0
0
0
0
0
0
0
0
0
0
0
0
0
0
0
0
0
0
0
-5.08494e-16
1.31646e-17
5.00934e-16
0
0
0
0
-1.01426e-15
1.25895e-17
1.00351e-15
0
0
0
0
0
0
-1.02317e-15
1.20813e-17
1.01546e-15
-1.02158e-15
1.1949e-17
1.01464e-15
0
-1.02036e-15
-1.00922e-15
0
0
0
0
0
0
0
0
0
0
0
0
0
0
0
0
0
0
0
0
0
0
0
0
0
0
0
0
0
0
0
0
0
0
0
0
0
0
0
0
0
0
0
0
0
5.08494e-16
-1.31646e-17
-5.00934e-16
0
0
0
0
1.01426e-15
-1.25895e-17
-1.00351e-15
0
0
0
0
0
0
1.02317e-15
-1.20813e-17
-1.01546e-15
1.02158e-15
-1.1949e-17
-1.01464e-15
0
1.02036e-15
1.00922e-15
0
0
0
0
0
0
0
0
0
0
0
0
0
0
0
0
0
0
0
0
0
0
0
0
0
0
0
0
0
0
0
0
0
0
0
0
0
0
0
0
0
0
0
0
0
-5.08494e-16
1.31646e-17
5.00934e-16
0
0
0
0
-1.01426e-15
1.25895e-17
1.00351e-15
0
0
0
0
0
0
-1.02317e-15
1.20813e-17
1.01546e-15
-1.02158e-15
1.1949e-17
1.01464e-15
0
-1.02036e-15
-1.00922e-15
)
;
        value           nonuniform List<scalar> 
280
(
7.23437e+06
7.23435e+06
7.23432e+06
7.23429e+06
7.23425e+06
7.23421e+06
7.23417e+06
7.23411e+06
7.23405e+06
7.23398e+06
7.2339e+06
7.2338e+06
7.23369e+06
7.23357e+06
7.23343e+06
7.23327e+06
7.23309e+06
7.23289e+06
7.23267e+06
7.23244e+06
7.2322e+06
7.23194e+06
7.23167e+06
7.23139e+06
7.2311e+06
7.2308e+06
7.23049e+06
7.23017e+06
7.22984e+06
7.22949e+06
7.22914e+06
7.22878e+06
7.2284e+06
7.22802e+06
7.22762e+06
7.22721e+06
7.22679e+06
7.22636e+06
7.22592e+06
7.22547e+06
7.22501e+06
7.22453e+06
7.22405e+06
7.22355e+06
7.22305e+06
7.22253e+06
7.22199e+06
7.22144e+06
7.22087e+06
7.22029e+06
7.21968e+06
7.21906e+06
7.21842e+06
7.21775e+06
7.21707e+06
7.21637e+06
7.21565e+06
7.21492e+06
7.21416e+06
7.21338e+06
7.21258e+06
7.21176e+06
7.21092e+06
7.21006e+06
7.20918e+06
7.20828e+06
7.20736e+06
7.20641e+06
7.20546e+06
7.20446e+06
7.23437e+06
7.23435e+06
7.23432e+06
7.23429e+06
7.23425e+06
7.23421e+06
7.23417e+06
7.23411e+06
7.23405e+06
7.23398e+06
7.2339e+06
7.2338e+06
7.23369e+06
7.23357e+06
7.23343e+06
7.23327e+06
7.23309e+06
7.23289e+06
7.23267e+06
7.23244e+06
7.2322e+06
7.23194e+06
7.23167e+06
7.23139e+06
7.2311e+06
7.2308e+06
7.23049e+06
7.23017e+06
7.22984e+06
7.22949e+06
7.22914e+06
7.22878e+06
7.2284e+06
7.22802e+06
7.22762e+06
7.22721e+06
7.22679e+06
7.22636e+06
7.22592e+06
7.22547e+06
7.22501e+06
7.22453e+06
7.22405e+06
7.22355e+06
7.22305e+06
7.22253e+06
7.22199e+06
7.22144e+06
7.22087e+06
7.22029e+06
7.21968e+06
7.21906e+06
7.21842e+06
7.21775e+06
7.21707e+06
7.21637e+06
7.21565e+06
7.21492e+06
7.21416e+06
7.21338e+06
7.21258e+06
7.21176e+06
7.21092e+06
7.21006e+06
7.20918e+06
7.20828e+06
7.20736e+06
7.20641e+06
7.20546e+06
7.20446e+06
7.23437e+06
7.23435e+06
7.23432e+06
7.23429e+06
7.23425e+06
7.23421e+06
7.23417e+06
7.23411e+06
7.23405e+06
7.23398e+06
7.2339e+06
7.2338e+06
7.23369e+06
7.23357e+06
7.23343e+06
7.23327e+06
7.23309e+06
7.23289e+06
7.23267e+06
7.23244e+06
7.2322e+06
7.23194e+06
7.23167e+06
7.23139e+06
7.2311e+06
7.2308e+06
7.23049e+06
7.23017e+06
7.22984e+06
7.22949e+06
7.22914e+06
7.22878e+06
7.2284e+06
7.22802e+06
7.22762e+06
7.22721e+06
7.22679e+06
7.22636e+06
7.22592e+06
7.22547e+06
7.22501e+06
7.22453e+06
7.22405e+06
7.22355e+06
7.22305e+06
7.22253e+06
7.22199e+06
7.22144e+06
7.22087e+06
7.22029e+06
7.21968e+06
7.21906e+06
7.21842e+06
7.21775e+06
7.21707e+06
7.21637e+06
7.21565e+06
7.21492e+06
7.21416e+06
7.21338e+06
7.21258e+06
7.21176e+06
7.21092e+06
7.21006e+06
7.20918e+06
7.20828e+06
7.20736e+06
7.20641e+06
7.20546e+06
7.20446e+06
7.23437e+06
7.23435e+06
7.23432e+06
7.23429e+06
7.23425e+06
7.23421e+06
7.23417e+06
7.23411e+06
7.23405e+06
7.23398e+06
7.2339e+06
7.2338e+06
7.23369e+06
7.23357e+06
7.23343e+06
7.23327e+06
7.23309e+06
7.23289e+06
7.23267e+06
7.23244e+06
7.2322e+06
7.23194e+06
7.23167e+06
7.23139e+06
7.2311e+06
7.2308e+06
7.23049e+06
7.23017e+06
7.22984e+06
7.22949e+06
7.22914e+06
7.22878e+06
7.2284e+06
7.22802e+06
7.22762e+06
7.22721e+06
7.22679e+06
7.22636e+06
7.22592e+06
7.22547e+06
7.22501e+06
7.22453e+06
7.22405e+06
7.22355e+06
7.22305e+06
7.22253e+06
7.22199e+06
7.22144e+06
7.22087e+06
7.22029e+06
7.21968e+06
7.21906e+06
7.21842e+06
7.21775e+06
7.21707e+06
7.21637e+06
7.21565e+06
7.21492e+06
7.21416e+06
7.21338e+06
7.21258e+06
7.21176e+06
7.21092e+06
7.21006e+06
7.20918e+06
7.20828e+06
7.20736e+06
7.20641e+06
7.20546e+06
7.20446e+06
)
;
    }
}


// ************************************************************************* //
