/*--------------------------------*- C++ -*----------------------------------*\
| =========                 |                                                 |
| \\      /  F ield         | OpenFOAM: The Open Source CFD Toolbox           |
|  \\    /   O peration     | Version:  2406                                  |
|   \\  /    A nd           | Website:  www.openfoam.com                      |
|    \\/     M anipulation  |                                                 |
\*---------------------------------------------------------------------------*/
FoamFile
{
    version     2.0;
    format      ascii;
    arch        "LSB;label=32;scalar=64";
    class       volScalarField;
    location    "30/fluidRegion";
    object      p_rgh;
}
// * * * * * * * * * * * * * * * * * * * * * * * * * * * * * * * * * * * * * //

dimensions      [1 -1 -2 0 0 0 0];

internalField   nonuniform List<scalar> 
70
(
7.2041e+06
7.20407e+06
7.20405e+06
7.20403e+06
7.204e+06
7.20398e+06
7.20395e+06
7.20393e+06
7.2039e+06
7.20388e+06
7.20385e+06
7.20383e+06
7.2038e+06
7.20378e+06
7.20375e+06
7.20373e+06
7.2037e+06
7.20368e+06
7.20365e+06
7.20363e+06
7.2036e+06
7.20358e+06
7.20355e+06
7.20353e+06
7.2035e+06
7.20347e+06
7.20345e+06
7.20342e+06
7.2034e+06
7.20337e+06
7.20334e+06
7.20332e+06
7.20329e+06
7.20326e+06
7.20324e+06
7.20321e+06
7.20318e+06
7.20315e+06
7.20313e+06
7.2031e+06
7.20307e+06
7.20304e+06
7.20302e+06
7.20299e+06
7.20295e+06
7.20291e+06
7.20287e+06
7.20281e+06
7.20276e+06
7.2027e+06
7.20263e+06
7.20255e+06
7.20247e+06
7.20238e+06
7.20229e+06
7.20218e+06
7.20207e+06
7.20195e+06
7.20183e+06
7.20169e+06
7.20155e+06
7.20141e+06
7.20125e+06
7.2011e+06
7.20093e+06
7.20077e+06
7.20059e+06
7.20041e+06
7.20023e+06
7.20005e+06
)
;

boundaryField
{
    inlet
    {
        type            fixedFluxPressure;
        gradient        uniform 1067.58;
        value           uniform 7.20411e+06;
    }
    outlet
    {
        type            fixedValue;
        value           uniform 7.2e+06;
    }
    fixedWalls
    {
        type            fixedFluxPressure;
        gradient        nonuniform List<scalar> 
280
(
0
0
0
0
0
0
0
0
0
0
0
0
0
0
0
0
0
0
0
0
0
0
0
0
0
0
0
0
0
0
0
0
0
0
0
0
0
0
0
0
0
0
0
0
0
4.05211e-17
-1.03902e-18
-3.7421e-17
0
0
0
0
7.11532e-17
-1.3968e-18
-6.29527e-17
0
0
0
0
0
0
1.11982e-16
-3.08907e-18
-1.01031e-16
1.04641e-16
-2.66993e-18
-9.5561e-17
0
2.11659e-16
2.02203e-16
0
0
0
0
0
0
0
0
0
0
0
0
0
0
0
0
0
0
0
0
0
0
0
0
0
0
0
0
0
0
0
0
0
0
0
0
0
0
0
0
0
0
0
0
0
-4.05211e-17
1.03902e-18
3.7421e-17
0
0
0
0
-7.11532e-17
1.3968e-18
6.29527e-17
0
0
0
0
0
0
-1.11982e-16
3.08907e-18
1.01031e-16
-1.04641e-16
2.66993e-18
9.5561e-17
0
-2.11659e-16
-2.02203e-16
0
0
0
0
0
0
0
0
0
0
0
0
0
0
0
0
0
0
0
0
0
0
0
0
0
0
0
0
0
0
0
0
0
0
0
0
0
0
0
0
0
0
0
0
0
4.05211e-17
-1.03902e-18
-3.7421e-17
0
0
0
0
7.11532e-17
-1.3968e-18
-6.29527e-17
0
0
0
0
0
0
1.11982e-16
-3.08907e-18
-1.01031e-16
1.04641e-16
-2.66993e-18
-9.5561e-17
0
2.11659e-16
2.02203e-16
0
0
0
0
0
0
0
0
0
0
0
0
0
0
0
0
0
0
0
0
0
0
0
0
0
0
0
0
0
0
0
0
0
0
0
0
0
0
0
0
0
0
0
0
0
-4.05211e-17
1.03902e-18
3.7421e-17
0
0
0
0
-7.11532e-17
1.3968e-18
6.29527e-17
0
0
0
0
0
0
-1.11982e-16
3.08907e-18
1.01031e-16
-1.04641e-16
2.66993e-18
9.5561e-17
0
-2.11659e-16
-2.02203e-16
)
;
        value           nonuniform List<scalar> 
280
(
7.2041e+06
7.20407e+06
7.20405e+06
7.20403e+06
7.204e+06
7.20398e+06
7.20395e+06
7.20393e+06
7.2039e+06
7.20388e+06
7.20385e+06
7.20383e+06
7.2038e+06
7.20378e+06
7.20375e+06
7.20373e+06
7.2037e+06
7.20368e+06
7.20365e+06
7.20363e+06
7.2036e+06
7.20358e+06
7.20355e+06
7.20353e+06
7.2035e+06
7.20347e+06
7.20345e+06
7.20342e+06
7.2034e+06
7.20337e+06
7.20334e+06
7.20332e+06
7.20329e+06
7.20326e+06
7.20324e+06
7.20321e+06
7.20318e+06
7.20315e+06
7.20313e+06
7.2031e+06
7.20307e+06
7.20304e+06
7.20302e+06
7.20299e+06
7.20295e+06
7.20291e+06
7.20287e+06
7.20281e+06
7.20276e+06
7.2027e+06
7.20263e+06
7.20255e+06
7.20247e+06
7.20238e+06
7.20229e+06
7.20218e+06
7.20207e+06
7.20195e+06
7.20183e+06
7.20169e+06
7.20155e+06
7.20141e+06
7.20125e+06
7.2011e+06
7.20093e+06
7.20077e+06
7.20059e+06
7.20041e+06
7.20023e+06
7.20005e+06
7.2041e+06
7.20407e+06
7.20405e+06
7.20403e+06
7.204e+06
7.20398e+06
7.20395e+06
7.20393e+06
7.2039e+06
7.20388e+06
7.20385e+06
7.20383e+06
7.2038e+06
7.20378e+06
7.20375e+06
7.20373e+06
7.2037e+06
7.20368e+06
7.20365e+06
7.20363e+06
7.2036e+06
7.20358e+06
7.20355e+06
7.20353e+06
7.2035e+06
7.20347e+06
7.20345e+06
7.20342e+06
7.2034e+06
7.20337e+06
7.20334e+06
7.20332e+06
7.20329e+06
7.20326e+06
7.20324e+06
7.20321e+06
7.20318e+06
7.20315e+06
7.20313e+06
7.2031e+06
7.20307e+06
7.20304e+06
7.20302e+06
7.20299e+06
7.20295e+06
7.20291e+06
7.20287e+06
7.20281e+06
7.20276e+06
7.2027e+06
7.20263e+06
7.20255e+06
7.20247e+06
7.20238e+06
7.20229e+06
7.20218e+06
7.20207e+06
7.20195e+06
7.20183e+06
7.20169e+06
7.20155e+06
7.20141e+06
7.20125e+06
7.2011e+06
7.20093e+06
7.20077e+06
7.20059e+06
7.20041e+06
7.20023e+06
7.20005e+06
7.2041e+06
7.20407e+06
7.20405e+06
7.20403e+06
7.204e+06
7.20398e+06
7.20395e+06
7.20393e+06
7.2039e+06
7.20388e+06
7.20385e+06
7.20383e+06
7.2038e+06
7.20378e+06
7.20375e+06
7.20373e+06
7.2037e+06
7.20368e+06
7.20365e+06
7.20363e+06
7.2036e+06
7.20358e+06
7.20355e+06
7.20353e+06
7.2035e+06
7.20347e+06
7.20345e+06
7.20342e+06
7.2034e+06
7.20337e+06
7.20334e+06
7.20332e+06
7.20329e+06
7.20326e+06
7.20324e+06
7.20321e+06
7.20318e+06
7.20315e+06
7.20313e+06
7.2031e+06
7.20307e+06
7.20304e+06
7.20302e+06
7.20299e+06
7.20295e+06
7.20291e+06
7.20287e+06
7.20281e+06
7.20276e+06
7.2027e+06
7.20263e+06
7.20255e+06
7.20247e+06
7.20238e+06
7.20229e+06
7.20218e+06
7.20207e+06
7.20195e+06
7.20183e+06
7.20169e+06
7.20155e+06
7.20141e+06
7.20125e+06
7.2011e+06
7.20093e+06
7.20077e+06
7.20059e+06
7.20041e+06
7.20023e+06
7.20005e+06
7.2041e+06
7.20407e+06
7.20405e+06
7.20403e+06
7.204e+06
7.20398e+06
7.20395e+06
7.20393e+06
7.2039e+06
7.20388e+06
7.20385e+06
7.20383e+06
7.2038e+06
7.20378e+06
7.20375e+06
7.20373e+06
7.2037e+06
7.20368e+06
7.20365e+06
7.20363e+06
7.2036e+06
7.20358e+06
7.20355e+06
7.20353e+06
7.2035e+06
7.20347e+06
7.20345e+06
7.20342e+06
7.2034e+06
7.20337e+06
7.20334e+06
7.20332e+06
7.20329e+06
7.20326e+06
7.20324e+06
7.20321e+06
7.20318e+06
7.20315e+06
7.20313e+06
7.2031e+06
7.20307e+06
7.20304e+06
7.20302e+06
7.20299e+06
7.20295e+06
7.20291e+06
7.20287e+06
7.20281e+06
7.20276e+06
7.2027e+06
7.20263e+06
7.20255e+06
7.20247e+06
7.20238e+06
7.20229e+06
7.20218e+06
7.20207e+06
7.20195e+06
7.20183e+06
7.20169e+06
7.20155e+06
7.20141e+06
7.20125e+06
7.2011e+06
7.20093e+06
7.20077e+06
7.20059e+06
7.20041e+06
7.20023e+06
7.20005e+06
)
;
    }
}


// ************************************************************************* //
