/*--------------------------------*- C++ -*----------------------------------*\
| =========                 |                                                 |
| \\      /  F ield         | OpenFOAM: The Open Source CFD Toolbox           |
|  \\    /   O peration     | Version:  2406                                  |
|   \\  /    A nd           | Website:  www.openfoam.com                      |
|    \\/     M anipulation  |                                                 |
\*---------------------------------------------------------------------------*/
FoamFile
{
    version     2.0;
    format      ascii;
    arch        "LSB;label=32;scalar=64";
    class       volScalarField;
    location    "0.6/fluidRegion";
    object      p_rgh;
}
// * * * * * * * * * * * * * * * * * * * * * * * * * * * * * * * * * * * * * //

dimensions      [1 -1 -2 0 0 0 0];

internalField   nonuniform List<scalar> 
80
(
7.31457e+06
7.31438e+06
7.3142e+06
7.31401e+06
7.31382e+06
7.31362e+06
7.31339e+06
7.31316e+06
7.31293e+06
7.31269e+06
7.31245e+06
7.31208e+06
7.31158e+06
7.31101e+06
7.3104e+06
7.30977e+06
7.30911e+06
7.3084e+06
7.30765e+06
7.30684e+06
7.30599e+06
7.30507e+06
7.30409e+06
7.30305e+06
7.30192e+06
7.30071e+06
7.29944e+06
7.2981e+06
7.29672e+06
7.29528e+06
7.2938e+06
7.29229e+06
7.29074e+06
7.28915e+06
7.28754e+06
7.28589e+06
7.28422e+06
7.28252e+06
7.28079e+06
7.27904e+06
7.27726e+06
7.27546e+06
7.27364e+06
7.27179e+06
7.26993e+06
7.26804e+06
7.26614e+06
7.26422e+06
7.26228e+06
7.26032e+06
7.25835e+06
7.25637e+06
7.25437e+06
7.25236e+06
7.25035e+06
7.24833e+06
7.2463e+06
7.24427e+06
7.24224e+06
7.24022e+06
7.23819e+06
7.23617e+06
7.23415e+06
7.23213e+06
7.23011e+06
7.22808e+06
7.22605e+06
7.22401e+06
7.22198e+06
7.21994e+06
7.2179e+06
7.21586e+06
7.21382e+06
7.21177e+06
7.20972e+06
7.20783e+06
7.2061e+06
7.20436e+06
7.20262e+06
7.20088e+06
)
;

boundaryField
{
    inlet
    {
        type            fixedFluxPressure;
        gradient        uniform 9378.53;
        value           uniform 7.31466e+06;
    }
    outlet
    {
        type            fixedValue;
        value           uniform 7.2e+06;
    }
    fixedWalls
    {
        type            fixedFluxPressure;
        gradient        nonuniform List<scalar> 
320
(
0
0
0
0
0
0
0
0
0
0
0
3.57167e-16
-2.36287e-17
-2.46256e-16
0
4.02815e-16
-1.48695e-17
-3.32882e-16
0
0
0
0
0
0
0
0
0
0
0
0
0
0
0
0
0
0
0
0
0
0
0
0
0
0
0
0
0
0
0
0
0
0
0
0
0
0
0
0
0
0
0
0
0
0
0
0
0
0
0
0
0
0
0
0
0
1.28759e-15
-1.23029e-18
-1.28786e-15
0
0
0
0
0
0
0
0
0
0
0
0
0
-3.57167e-16
2.36287e-17
2.46256e-16
0
-4.02815e-16
1.48695e-17
3.32882e-16
0
0
0
0
0
0
0
0
0
0
0
0
0
0
0
0
0
0
0
0
0
0
0
0
0
0
0
0
0
0
0
0
0
0
0
0
0
0
0
0
0
0
0
0
0
0
0
0
0
0
0
0
0
0
0
0
0
-1.28759e-15
1.23029e-18
1.28786e-15
0
0
0
0
0
0
0
0
0
0
0
0
0
3.57167e-16
-2.36287e-17
-2.46256e-16
0
4.02815e-16
-1.48695e-17
-3.32882e-16
0
0
0
0
0
0
0
0
0
0
0
0
0
0
0
0
0
0
0
0
0
0
0
0
0
0
0
0
0
0
0
0
0
0
0
0
0
0
0
0
0
0
0
0
0
0
0
0
0
0
0
0
0
0
0
0
0
1.28759e-15
-1.23029e-18
-1.28786e-15
0
0
0
0
0
0
0
0
0
0
0
0
0
-3.57167e-16
2.36287e-17
2.46256e-16
0
-4.02815e-16
1.48695e-17
3.32882e-16
0
0
0
0
0
0
0
0
0
0
0
0
0
0
0
0
0
0
0
0
0
0
0
0
0
0
0
0
0
0
0
0
0
0
0
0
0
0
0
0
0
0
0
0
0
0
0
0
0
0
0
0
0
0
0
0
0
-1.28759e-15
1.23029e-18
1.28786e-15
0
0
)
;
        value           nonuniform List<scalar> 
320
(
7.31457e+06
7.31438e+06
7.3142e+06
7.31401e+06
7.31382e+06
7.31362e+06
7.31339e+06
7.31316e+06
7.31293e+06
7.31269e+06
7.31245e+06
7.31208e+06
7.31158e+06
7.31101e+06
7.3104e+06
7.30977e+06
7.30911e+06
7.3084e+06
7.30765e+06
7.30684e+06
7.30599e+06
7.30507e+06
7.30409e+06
7.30305e+06
7.30192e+06
7.30071e+06
7.29944e+06
7.2981e+06
7.29672e+06
7.29528e+06
7.2938e+06
7.29229e+06
7.29074e+06
7.28915e+06
7.28754e+06
7.28589e+06
7.28422e+06
7.28252e+06
7.28079e+06
7.27904e+06
7.27726e+06
7.27546e+06
7.27364e+06
7.27179e+06
7.26993e+06
7.26804e+06
7.26614e+06
7.26422e+06
7.26228e+06
7.26032e+06
7.25835e+06
7.25637e+06
7.25437e+06
7.25236e+06
7.25035e+06
7.24833e+06
7.2463e+06
7.24427e+06
7.24224e+06
7.24022e+06
7.23819e+06
7.23617e+06
7.23415e+06
7.23213e+06
7.23011e+06
7.22808e+06
7.22605e+06
7.22401e+06
7.22198e+06
7.21994e+06
7.2179e+06
7.21586e+06
7.21382e+06
7.21177e+06
7.20972e+06
7.20783e+06
7.2061e+06
7.20436e+06
7.20262e+06
7.20088e+06
7.31457e+06
7.31438e+06
7.3142e+06
7.31401e+06
7.31382e+06
7.31362e+06
7.31339e+06
7.31316e+06
7.31293e+06
7.31269e+06
7.31245e+06
7.31208e+06
7.31158e+06
7.31101e+06
7.3104e+06
7.30977e+06
7.30911e+06
7.3084e+06
7.30765e+06
7.30684e+06
7.30599e+06
7.30507e+06
7.30409e+06
7.30305e+06
7.30192e+06
7.30071e+06
7.29944e+06
7.2981e+06
7.29672e+06
7.29528e+06
7.2938e+06
7.29229e+06
7.29074e+06
7.28915e+06
7.28754e+06
7.28589e+06
7.28422e+06
7.28252e+06
7.28079e+06
7.27904e+06
7.27726e+06
7.27546e+06
7.27364e+06
7.27179e+06
7.26993e+06
7.26804e+06
7.26614e+06
7.26422e+06
7.26228e+06
7.26032e+06
7.25835e+06
7.25637e+06
7.25437e+06
7.25236e+06
7.25035e+06
7.24833e+06
7.2463e+06
7.24427e+06
7.24224e+06
7.24022e+06
7.23819e+06
7.23617e+06
7.23415e+06
7.23213e+06
7.23011e+06
7.22808e+06
7.22605e+06
7.22401e+06
7.22198e+06
7.21994e+06
7.2179e+06
7.21586e+06
7.21382e+06
7.21177e+06
7.20972e+06
7.20783e+06
7.2061e+06
7.20436e+06
7.20262e+06
7.20088e+06
7.31457e+06
7.31438e+06
7.3142e+06
7.31401e+06
7.31382e+06
7.31362e+06
7.31339e+06
7.31316e+06
7.31293e+06
7.31269e+06
7.31245e+06
7.31208e+06
7.31158e+06
7.31101e+06
7.3104e+06
7.30977e+06
7.30911e+06
7.3084e+06
7.30765e+06
7.30684e+06
7.30599e+06
7.30507e+06
7.30409e+06
7.30305e+06
7.30192e+06
7.30071e+06
7.29944e+06
7.2981e+06
7.29672e+06
7.29528e+06
7.2938e+06
7.29229e+06
7.29074e+06
7.28915e+06
7.28754e+06
7.28589e+06
7.28422e+06
7.28252e+06
7.28079e+06
7.27904e+06
7.27726e+06
7.27546e+06
7.27364e+06
7.27179e+06
7.26993e+06
7.26804e+06
7.26614e+06
7.26422e+06
7.26228e+06
7.26032e+06
7.25835e+06
7.25637e+06
7.25437e+06
7.25236e+06
7.25035e+06
7.24833e+06
7.2463e+06
7.24427e+06
7.24224e+06
7.24022e+06
7.23819e+06
7.23617e+06
7.23415e+06
7.23213e+06
7.23011e+06
7.22808e+06
7.22605e+06
7.22401e+06
7.22198e+06
7.21994e+06
7.2179e+06
7.21586e+06
7.21382e+06
7.21177e+06
7.20972e+06
7.20783e+06
7.2061e+06
7.20436e+06
7.20262e+06
7.20088e+06
7.31457e+06
7.31438e+06
7.3142e+06
7.31401e+06
7.31382e+06
7.31362e+06
7.31339e+06
7.31316e+06
7.31293e+06
7.31269e+06
7.31245e+06
7.31208e+06
7.31158e+06
7.31101e+06
7.3104e+06
7.30977e+06
7.30911e+06
7.3084e+06
7.30765e+06
7.30684e+06
7.30599e+06
7.30507e+06
7.30409e+06
7.30305e+06
7.30192e+06
7.30071e+06
7.29944e+06
7.2981e+06
7.29672e+06
7.29528e+06
7.2938e+06
7.29229e+06
7.29074e+06
7.28915e+06
7.28754e+06
7.28589e+06
7.28422e+06
7.28252e+06
7.28079e+06
7.27904e+06
7.27726e+06
7.27546e+06
7.27364e+06
7.27179e+06
7.26993e+06
7.26804e+06
7.26614e+06
7.26422e+06
7.26228e+06
7.26032e+06
7.25835e+06
7.25637e+06
7.25437e+06
7.25236e+06
7.25035e+06
7.24833e+06
7.2463e+06
7.24427e+06
7.24224e+06
7.24022e+06
7.23819e+06
7.23617e+06
7.23415e+06
7.23213e+06
7.23011e+06
7.22808e+06
7.22605e+06
7.22401e+06
7.22198e+06
7.21994e+06
7.2179e+06
7.21586e+06
7.21382e+06
7.21177e+06
7.20972e+06
7.20783e+06
7.2061e+06
7.20436e+06
7.20262e+06
7.20088e+06
)
;
    }
}


// ************************************************************************* //
