/*--------------------------------*- C++ -*----------------------------------*\
| =========                 |                                                 |
| \\      /  F ield         | OpenFOAM: The Open Source CFD Toolbox           |
|  \\    /   O peration     | Version:  2406                                  |
|   \\  /    A nd           | Website:  www.openfoam.com                      |
|    \\/     M anipulation  |                                                 |
\*---------------------------------------------------------------------------*/
FoamFile
{
    version     2.0;
    format      ascii;
    arch        "LSB;label=32;scalar=64";
    class       volScalarField;
    location    "30/fluidRegion";
    object      p;
}
// * * * * * * * * * * * * * * * * * * * * * * * * * * * * * * * * * * * * * //

dimensions      [1 -1 -2 0 0 0 0];

internalField   nonuniform List<scalar> 
75
(
7.20955e+06
7.20953e+06
7.20951e+06
7.20949e+06
7.20947e+06
7.20944e+06
7.20942e+06
7.20939e+06
7.20937e+06
7.20935e+06
7.20932e+06
7.2093e+06
7.20927e+06
7.20925e+06
7.20922e+06
7.2092e+06
7.20918e+06
7.20915e+06
7.20913e+06
7.2091e+06
7.20908e+06
7.20905e+06
7.20902e+06
7.20899e+06
7.20896e+06
7.20892e+06
7.20888e+06
7.20884e+06
7.20879e+06
7.20874e+06
7.20869e+06
7.20862e+06
7.20856e+06
7.20849e+06
7.20841e+06
7.20832e+06
7.20823e+06
7.20813e+06
7.20803e+06
7.20791e+06
7.20779e+06
7.20767e+06
7.20754e+06
7.2074e+06
7.20725e+06
7.2071e+06
7.20695e+06
7.20679e+06
7.20662e+06
7.20645e+06
7.20627e+06
7.20608e+06
7.20589e+06
7.20569e+06
7.20549e+06
7.20528e+06
7.20506e+06
7.20484e+06
7.20462e+06
7.20438e+06
7.20414e+06
7.2039e+06
7.20365e+06
7.20339e+06
7.20313e+06
7.20286e+06
7.20258e+06
7.2023e+06
7.20202e+06
7.20172e+06
7.20142e+06
7.20112e+06
7.20081e+06
7.20049e+06
7.20017e+06
)
;

boundaryField
{
    inlet
    {
        type            calculated;
        value           uniform 7.20956e+06;
    }
    outlet
    {
        type            calculated;
        value           uniform 7.2e+06;
    }
    fixedWalls
    {
        type            calculated;
        value           nonuniform List<scalar> 
300
(
7.20955e+06
7.20953e+06
7.20951e+06
7.20949e+06
7.20947e+06
7.20944e+06
7.20942e+06
7.20939e+06
7.20937e+06
7.20935e+06
7.20932e+06
7.2093e+06
7.20927e+06
7.20925e+06
7.20922e+06
7.2092e+06
7.20918e+06
7.20915e+06
7.20913e+06
7.2091e+06
7.20908e+06
7.20905e+06
7.20902e+06
7.20899e+06
7.20896e+06
7.20892e+06
7.20888e+06
7.20884e+06
7.20879e+06
7.20874e+06
7.20869e+06
7.20862e+06
7.20856e+06
7.20849e+06
7.20841e+06
7.20832e+06
7.20823e+06
7.20813e+06
7.20803e+06
7.20791e+06
7.20779e+06
7.20767e+06
7.20754e+06
7.2074e+06
7.20725e+06
7.2071e+06
7.20695e+06
7.20679e+06
7.20662e+06
7.20645e+06
7.20627e+06
7.20608e+06
7.20589e+06
7.20569e+06
7.20549e+06
7.20528e+06
7.20506e+06
7.20484e+06
7.20462e+06
7.20438e+06
7.20414e+06
7.2039e+06
7.20365e+06
7.20339e+06
7.20313e+06
7.20286e+06
7.20258e+06
7.2023e+06
7.20202e+06
7.20172e+06
7.20142e+06
7.20112e+06
7.20081e+06
7.20049e+06
7.20017e+06
7.20955e+06
7.20953e+06
7.20951e+06
7.20949e+06
7.20947e+06
7.20944e+06
7.20942e+06
7.20939e+06
7.20937e+06
7.20935e+06
7.20932e+06
7.2093e+06
7.20927e+06
7.20925e+06
7.20922e+06
7.2092e+06
7.20918e+06
7.20915e+06
7.20913e+06
7.2091e+06
7.20908e+06
7.20905e+06
7.20902e+06
7.20899e+06
7.20896e+06
7.20892e+06
7.20888e+06
7.20884e+06
7.20879e+06
7.20874e+06
7.20869e+06
7.20862e+06
7.20856e+06
7.20849e+06
7.20841e+06
7.20832e+06
7.20823e+06
7.20813e+06
7.20803e+06
7.20791e+06
7.20779e+06
7.20767e+06
7.20754e+06
7.2074e+06
7.20725e+06
7.2071e+06
7.20695e+06
7.20679e+06
7.20662e+06
7.20645e+06
7.20627e+06
7.20608e+06
7.20589e+06
7.20569e+06
7.20549e+06
7.20528e+06
7.20506e+06
7.20484e+06
7.20462e+06
7.20438e+06
7.20414e+06
7.2039e+06
7.20365e+06
7.20339e+06
7.20313e+06
7.20286e+06
7.20258e+06
7.2023e+06
7.20202e+06
7.20172e+06
7.20142e+06
7.20112e+06
7.20081e+06
7.20049e+06
7.20017e+06
7.20955e+06
7.20953e+06
7.20951e+06
7.20949e+06
7.20947e+06
7.20944e+06
7.20942e+06
7.20939e+06
7.20937e+06
7.20935e+06
7.20932e+06
7.2093e+06
7.20927e+06
7.20925e+06
7.20922e+06
7.2092e+06
7.20918e+06
7.20915e+06
7.20913e+06
7.2091e+06
7.20908e+06
7.20905e+06
7.20902e+06
7.20899e+06
7.20896e+06
7.20892e+06
7.20888e+06
7.20884e+06
7.20879e+06
7.20874e+06
7.20869e+06
7.20862e+06
7.20856e+06
7.20849e+06
7.20841e+06
7.20832e+06
7.20823e+06
7.20813e+06
7.20803e+06
7.20791e+06
7.20779e+06
7.20767e+06
7.20754e+06
7.2074e+06
7.20725e+06
7.2071e+06
7.20695e+06
7.20679e+06
7.20662e+06
7.20645e+06
7.20627e+06
7.20608e+06
7.20589e+06
7.20569e+06
7.20549e+06
7.20528e+06
7.20506e+06
7.20484e+06
7.20462e+06
7.20438e+06
7.20414e+06
7.2039e+06
7.20365e+06
7.20339e+06
7.20313e+06
7.20286e+06
7.20258e+06
7.2023e+06
7.20202e+06
7.20172e+06
7.20142e+06
7.20112e+06
7.20081e+06
7.20049e+06
7.20017e+06
7.20955e+06
7.20953e+06
7.20951e+06
7.20949e+06
7.20947e+06
7.20944e+06
7.20942e+06
7.20939e+06
7.20937e+06
7.20935e+06
7.20932e+06
7.2093e+06
7.20927e+06
7.20925e+06
7.20922e+06
7.2092e+06
7.20918e+06
7.20915e+06
7.20913e+06
7.2091e+06
7.20908e+06
7.20905e+06
7.20902e+06
7.20899e+06
7.20896e+06
7.20892e+06
7.20888e+06
7.20884e+06
7.20879e+06
7.20874e+06
7.20869e+06
7.20862e+06
7.20856e+06
7.20849e+06
7.20841e+06
7.20832e+06
7.20823e+06
7.20813e+06
7.20803e+06
7.20791e+06
7.20779e+06
7.20767e+06
7.20754e+06
7.2074e+06
7.20725e+06
7.2071e+06
7.20695e+06
7.20679e+06
7.20662e+06
7.20645e+06
7.20627e+06
7.20608e+06
7.20589e+06
7.20569e+06
7.20549e+06
7.20528e+06
7.20506e+06
7.20484e+06
7.20462e+06
7.20438e+06
7.20414e+06
7.2039e+06
7.20365e+06
7.20339e+06
7.20313e+06
7.20286e+06
7.20258e+06
7.2023e+06
7.20202e+06
7.20172e+06
7.20142e+06
7.20112e+06
7.20081e+06
7.20049e+06
7.20017e+06
)
;
    }
}


// ************************************************************************* //
