/*--------------------------------*- C++ -*----------------------------------*\
| =========                 |                                                 |
| \\      /  F ield         | OpenFOAM: The Open Source CFD Toolbox           |
|  \\    /   O peration     | Version:  2406                                  |
|   \\  /    A nd           | Website:  www.openfoam.com                      |
|    \\/     M anipulation  |                                                 |
\*---------------------------------------------------------------------------*/
FoamFile
{
    version     2.0;
    format      ascii;
    arch        "LSB;label=32;scalar=64";
    class       volScalarField;
    location    "0.6/fluidRegion";
    object      p_rgh;
}
// * * * * * * * * * * * * * * * * * * * * * * * * * * * * * * * * * * * * * //

dimensions      [1 -1 -2 0 0 0 0];

internalField   nonuniform List<scalar> 
70
(
1.49773e+07
1.4977e+07
1.49766e+07
1.49763e+07
1.49759e+07
1.49756e+07
1.49752e+07
1.49749e+07
1.49745e+07
1.49741e+07
1.49736e+07
1.49731e+07
1.49725e+07
1.49719e+07
1.49712e+07
1.49704e+07
1.49696e+07
1.49687e+07
1.49677e+07
1.49666e+07
1.49654e+07
1.49641e+07
1.49627e+07
1.49612e+07
1.49595e+07
1.49577e+07
1.49557e+07
1.49536e+07
1.49513e+07
1.49489e+07
1.49464e+07
1.49438e+07
1.4941e+07
1.49381e+07
1.4935e+07
1.49318e+07
1.49285e+07
1.4925e+07
1.49214e+07
1.49177e+07
1.49138e+07
1.49098e+07
1.49057e+07
1.49015e+07
1.48971e+07
1.48926e+07
1.4888e+07
1.48833e+07
1.48783e+07
1.48732e+07
1.48679e+07
1.48623e+07
1.48566e+07
1.48506e+07
1.48445e+07
1.48381e+07
1.48315e+07
1.48246e+07
1.48176e+07
1.48103e+07
1.48028e+07
1.4795e+07
1.47871e+07
1.47789e+07
1.47704e+07
1.47618e+07
1.47529e+07
1.47438e+07
1.47344e+07
1.47248e+07
)
;

boundaryField
{
    inlet
    {
        type            fixedFluxPressure;
        gradient        uniform 11647.4;
        value           uniform 1.49774e+07;
    }
    outlet
    {
        type            fixedValue;
        value           uniform 1.47198e+07;
    }
    fixedWalls
    {
        type            fixedFluxPressure;
        gradient        nonuniform List<scalar> 
280
(
-1.12281e-16
-1.09582e-16
1.07963e-16
-1.07963e-18
-1.07963e-16
0
0
0
0
0
0
0
0
0
0
0
0
0
0
0
0
0
0
0
0
0
0
0
0
0
0
0
0
0
0
0
0
0
0
0
0
0
0
0
0
0
0
0
0
0
0
0
0
0
0
0
0
0
0
0
0
0
0
0
0
0
0
0
0
0
1.12281e-16
1.09582e-16
-1.07963e-16
1.07963e-18
1.07963e-16
0
0
0
0
0
0
0
0
0
0
0
0
0
0
0
0
0
0
0
0
0
0
0
0
0
0
0
0
0
0
0
0
0
0
0
0
0
0
0
0
0
0
0
0
0
0
0
0
0
0
0
0
0
0
0
0
0
0
0
0
0
0
0
0
0
-1.12281e-16
-1.09582e-16
1.07963e-16
-1.07963e-18
-1.07963e-16
0
0
0
0
0
0
0
0
0
0
0
0
0
0
0
0
0
0
0
0
0
0
0
0
0
0
0
0
0
0
0
0
0
0
0
0
0
0
0
0
0
0
0
0
0
0
0
0
0
0
0
0
0
0
0
0
0
0
0
0
0
0
0
0
0
1.12281e-16
1.09582e-16
-1.07963e-16
1.07963e-18
1.07963e-16
0
0
0
0
0
0
0
0
0
0
0
0
0
0
0
0
0
0
0
0
0
0
0
0
0
0
0
0
0
0
0
0
0
0
0
0
0
0
0
0
0
0
0
0
0
0
0
0
0
0
0
0
0
0
0
0
0
0
0
0
0
0
0
0
0
)
;
        value           nonuniform List<scalar> 
280
(
1.49773e+07
1.4977e+07
1.49766e+07
1.49763e+07
1.49759e+07
1.49756e+07
1.49752e+07
1.49749e+07
1.49745e+07
1.49741e+07
1.49736e+07
1.49731e+07
1.49725e+07
1.49719e+07
1.49712e+07
1.49704e+07
1.49696e+07
1.49687e+07
1.49677e+07
1.49666e+07
1.49654e+07
1.49641e+07
1.49627e+07
1.49612e+07
1.49595e+07
1.49577e+07
1.49557e+07
1.49536e+07
1.49513e+07
1.49489e+07
1.49464e+07
1.49438e+07
1.4941e+07
1.49381e+07
1.4935e+07
1.49318e+07
1.49285e+07
1.4925e+07
1.49214e+07
1.49177e+07
1.49138e+07
1.49098e+07
1.49057e+07
1.49015e+07
1.48971e+07
1.48926e+07
1.4888e+07
1.48833e+07
1.48783e+07
1.48732e+07
1.48679e+07
1.48623e+07
1.48566e+07
1.48506e+07
1.48445e+07
1.48381e+07
1.48315e+07
1.48246e+07
1.48176e+07
1.48103e+07
1.48028e+07
1.4795e+07
1.47871e+07
1.47789e+07
1.47704e+07
1.47618e+07
1.47529e+07
1.47438e+07
1.47344e+07
1.47248e+07
1.49773e+07
1.4977e+07
1.49766e+07
1.49763e+07
1.49759e+07
1.49756e+07
1.49752e+07
1.49749e+07
1.49745e+07
1.49741e+07
1.49736e+07
1.49731e+07
1.49725e+07
1.49719e+07
1.49712e+07
1.49704e+07
1.49696e+07
1.49687e+07
1.49677e+07
1.49666e+07
1.49654e+07
1.49641e+07
1.49627e+07
1.49612e+07
1.49595e+07
1.49577e+07
1.49557e+07
1.49536e+07
1.49513e+07
1.49489e+07
1.49464e+07
1.49438e+07
1.4941e+07
1.49381e+07
1.4935e+07
1.49318e+07
1.49285e+07
1.4925e+07
1.49214e+07
1.49177e+07
1.49138e+07
1.49098e+07
1.49057e+07
1.49015e+07
1.48971e+07
1.48926e+07
1.4888e+07
1.48833e+07
1.48783e+07
1.48732e+07
1.48679e+07
1.48623e+07
1.48566e+07
1.48506e+07
1.48445e+07
1.48381e+07
1.48315e+07
1.48246e+07
1.48176e+07
1.48103e+07
1.48028e+07
1.4795e+07
1.47871e+07
1.47789e+07
1.47704e+07
1.47618e+07
1.47529e+07
1.47438e+07
1.47344e+07
1.47248e+07
1.49773e+07
1.4977e+07
1.49766e+07
1.49763e+07
1.49759e+07
1.49756e+07
1.49752e+07
1.49749e+07
1.49745e+07
1.49741e+07
1.49736e+07
1.49731e+07
1.49725e+07
1.49719e+07
1.49712e+07
1.49704e+07
1.49696e+07
1.49687e+07
1.49677e+07
1.49666e+07
1.49654e+07
1.49641e+07
1.49627e+07
1.49612e+07
1.49595e+07
1.49577e+07
1.49557e+07
1.49536e+07
1.49513e+07
1.49489e+07
1.49464e+07
1.49438e+07
1.4941e+07
1.49381e+07
1.4935e+07
1.49318e+07
1.49285e+07
1.4925e+07
1.49214e+07
1.49177e+07
1.49138e+07
1.49098e+07
1.49057e+07
1.49015e+07
1.48971e+07
1.48926e+07
1.4888e+07
1.48833e+07
1.48783e+07
1.48732e+07
1.48679e+07
1.48623e+07
1.48566e+07
1.48506e+07
1.48445e+07
1.48381e+07
1.48315e+07
1.48246e+07
1.48176e+07
1.48103e+07
1.48028e+07
1.4795e+07
1.47871e+07
1.47789e+07
1.47704e+07
1.47618e+07
1.47529e+07
1.47438e+07
1.47344e+07
1.47248e+07
1.49773e+07
1.4977e+07
1.49766e+07
1.49763e+07
1.49759e+07
1.49756e+07
1.49752e+07
1.49749e+07
1.49745e+07
1.49741e+07
1.49736e+07
1.49731e+07
1.49725e+07
1.49719e+07
1.49712e+07
1.49704e+07
1.49696e+07
1.49687e+07
1.49677e+07
1.49666e+07
1.49654e+07
1.49641e+07
1.49627e+07
1.49612e+07
1.49595e+07
1.49577e+07
1.49557e+07
1.49536e+07
1.49513e+07
1.49489e+07
1.49464e+07
1.49438e+07
1.4941e+07
1.49381e+07
1.4935e+07
1.49318e+07
1.49285e+07
1.4925e+07
1.49214e+07
1.49177e+07
1.49138e+07
1.49098e+07
1.49057e+07
1.49015e+07
1.48971e+07
1.48926e+07
1.4888e+07
1.48833e+07
1.48783e+07
1.48732e+07
1.48679e+07
1.48623e+07
1.48566e+07
1.48506e+07
1.48445e+07
1.48381e+07
1.48315e+07
1.48246e+07
1.48176e+07
1.48103e+07
1.48028e+07
1.4795e+07
1.47871e+07
1.47789e+07
1.47704e+07
1.47618e+07
1.47529e+07
1.47438e+07
1.47344e+07
1.47248e+07
)
;
    }
}


// ************************************************************************* //
