/*--------------------------------*- C++ -*----------------------------------*\
| =========                 |                                                 |
| \\      /  F ield         | OpenFOAM: The Open Source CFD Toolbox           |
|  \\    /   O peration     | Version:  2406                                  |
|   \\  /    A nd           | Website:  www.openfoam.com                      |
|    \\/     M anipulation  |                                                 |
\*---------------------------------------------------------------------------*/
FoamFile
{
    version     2.0;
    format      ascii;
    arch        "LSB;label=32;scalar=64";
    class       volScalarField;
    location    "0.6/fluidRegion";
    object      p_rgh;
}
// * * * * * * * * * * * * * * * * * * * * * * * * * * * * * * * * * * * * * //

dimensions      [1 -1 -2 0 0 0 0];

internalField   nonuniform List<scalar> 
75
(
1.47839e+07
1.47837e+07
1.47835e+07
1.47832e+07
1.4783e+07
1.47827e+07
1.47825e+07
1.47822e+07
1.47819e+07
1.47817e+07
1.47814e+07
1.47811e+07
1.47808e+07
1.47806e+07
1.47803e+07
1.478e+07
1.47797e+07
1.47794e+07
1.47791e+07
1.47788e+07
1.47785e+07
1.47782e+07
1.47779e+07
1.47776e+07
1.47773e+07
1.47769e+07
1.47766e+07
1.47763e+07
1.4776e+07
1.47757e+07
1.47753e+07
1.4775e+07
1.47747e+07
1.47743e+07
1.4774e+07
1.47737e+07
1.47733e+07
1.47729e+07
1.47725e+07
1.4772e+07
1.47714e+07
1.47708e+07
1.47702e+07
1.47695e+07
1.47687e+07
1.47679e+07
1.4767e+07
1.4766e+07
1.4765e+07
1.4764e+07
1.47628e+07
1.47616e+07
1.47604e+07
1.4759e+07
1.47576e+07
1.47562e+07
1.47546e+07
1.4753e+07
1.47514e+07
1.47497e+07
1.47479e+07
1.47461e+07
1.47443e+07
1.47424e+07
1.47405e+07
1.47386e+07
1.47366e+07
1.47347e+07
1.47327e+07
1.47307e+07
1.47287e+07
1.47267e+07
1.47247e+07
1.47227e+07
1.47208e+07
)
;

boundaryField
{
    inlet
    {
        type            fixedFluxPressure;
        gradient        uniform 11684.3;
        value           uniform 1.4784e+07;
    }
    outlet
    {
        type            fixedValue;
        value           uniform 1.47198e+07;
    }
    fixedWalls
    {
        type            fixedFluxPressure;
        gradient        nonuniform List<scalar> 
300
(
0
0
0
0
0
0
0
0
0
0
0
0
0
0
1.40813e-16
-1.73843e-19
-1.40813e-16
0
0
0
0
6.91894e-17
-3.47686e-19
-6.91894e-17
0
0
0
0
0
0
0
0
0
0
0
0
0
0
0
0
0
0
0
0
0
-2.22183e-16
7.58381e-19
1.97367e-16
0
0
0
0
-5.36559e-16
1.06395e-17
4.95159e-16
0
0
0
0
0
-3.07637e-16
8.42635e-18
2.96223e-16
0
0
0
0
-2.77613e-17
7.37706e-18
2.74765e-17
0
0
0
0
0
0
0
0
0
0
0
0
0
0
0
0
0
0
0
-1.40813e-16
1.73843e-19
1.40813e-16
0
0
0
0
-6.91894e-17
3.47686e-19
6.91894e-17
0
0
0
0
0
0
0
0
0
0
0
0
0
0
0
0
0
0
0
0
0
2.22183e-16
-7.58381e-19
-1.97367e-16
0
0
0
0
5.36559e-16
-1.06395e-17
-4.95159e-16
0
0
0
0
0
3.07637e-16
-8.42635e-18
-2.96223e-16
0
0
0
0
2.77613e-17
-7.37706e-18
-2.74765e-17
0
0
0
0
0
0
0
0
0
0
0
0
0
0
0
0
0
0
0
1.40813e-16
-1.73843e-19
-1.40813e-16
0
0
0
0
6.91894e-17
-3.47686e-19
-6.91894e-17
0
0
0
0
0
0
0
0
0
0
0
0
0
0
0
0
0
0
0
0
0
-2.22183e-16
7.58381e-19
1.97367e-16
0
0
0
0
-5.36559e-16
1.06395e-17
4.95159e-16
0
0
0
0
0
-3.07637e-16
8.42635e-18
2.96223e-16
0
0
0
0
-2.77613e-17
7.37706e-18
2.74765e-17
0
0
0
0
0
0
0
0
0
0
0
0
0
0
0
0
0
0
0
-1.40813e-16
1.73843e-19
1.40813e-16
0
0
0
0
-6.91894e-17
3.47686e-19
6.91894e-17
0
0
0
0
0
0
0
0
0
0
0
0
0
0
0
0
0
0
0
0
0
2.22183e-16
-7.58381e-19
-1.97367e-16
0
0
0
0
5.36559e-16
-1.06395e-17
-4.95159e-16
0
0
0
0
0
3.07637e-16
-8.42635e-18
-2.96223e-16
0
0
0
0
2.77613e-17
-7.37706e-18
-2.74765e-17
0
0
0
0
0
)
;
        value           nonuniform List<scalar> 
300
(
1.47839e+07
1.47837e+07
1.47835e+07
1.47832e+07
1.4783e+07
1.47827e+07
1.47825e+07
1.47822e+07
1.47819e+07
1.47817e+07
1.47814e+07
1.47811e+07
1.47808e+07
1.47806e+07
1.47803e+07
1.478e+07
1.47797e+07
1.47794e+07
1.47791e+07
1.47788e+07
1.47785e+07
1.47782e+07
1.47779e+07
1.47776e+07
1.47773e+07
1.47769e+07
1.47766e+07
1.47763e+07
1.4776e+07
1.47757e+07
1.47753e+07
1.4775e+07
1.47747e+07
1.47743e+07
1.4774e+07
1.47737e+07
1.47733e+07
1.47729e+07
1.47725e+07
1.4772e+07
1.47714e+07
1.47708e+07
1.47702e+07
1.47695e+07
1.47687e+07
1.47679e+07
1.4767e+07
1.4766e+07
1.4765e+07
1.4764e+07
1.47628e+07
1.47616e+07
1.47604e+07
1.4759e+07
1.47576e+07
1.47562e+07
1.47546e+07
1.4753e+07
1.47514e+07
1.47497e+07
1.47479e+07
1.47461e+07
1.47443e+07
1.47424e+07
1.47405e+07
1.47386e+07
1.47366e+07
1.47347e+07
1.47327e+07
1.47307e+07
1.47287e+07
1.47267e+07
1.47247e+07
1.47227e+07
1.47208e+07
1.47839e+07
1.47837e+07
1.47835e+07
1.47832e+07
1.4783e+07
1.47827e+07
1.47825e+07
1.47822e+07
1.47819e+07
1.47817e+07
1.47814e+07
1.47811e+07
1.47808e+07
1.47806e+07
1.47803e+07
1.478e+07
1.47797e+07
1.47794e+07
1.47791e+07
1.47788e+07
1.47785e+07
1.47782e+07
1.47779e+07
1.47776e+07
1.47773e+07
1.47769e+07
1.47766e+07
1.47763e+07
1.4776e+07
1.47757e+07
1.47753e+07
1.4775e+07
1.47747e+07
1.47743e+07
1.4774e+07
1.47737e+07
1.47733e+07
1.47729e+07
1.47725e+07
1.4772e+07
1.47714e+07
1.47708e+07
1.47702e+07
1.47695e+07
1.47687e+07
1.47679e+07
1.4767e+07
1.4766e+07
1.4765e+07
1.4764e+07
1.47628e+07
1.47616e+07
1.47604e+07
1.4759e+07
1.47576e+07
1.47562e+07
1.47546e+07
1.4753e+07
1.47514e+07
1.47497e+07
1.47479e+07
1.47461e+07
1.47443e+07
1.47424e+07
1.47405e+07
1.47386e+07
1.47366e+07
1.47347e+07
1.47327e+07
1.47307e+07
1.47287e+07
1.47267e+07
1.47247e+07
1.47227e+07
1.47208e+07
1.47839e+07
1.47837e+07
1.47835e+07
1.47832e+07
1.4783e+07
1.47827e+07
1.47825e+07
1.47822e+07
1.47819e+07
1.47817e+07
1.47814e+07
1.47811e+07
1.47808e+07
1.47806e+07
1.47803e+07
1.478e+07
1.47797e+07
1.47794e+07
1.47791e+07
1.47788e+07
1.47785e+07
1.47782e+07
1.47779e+07
1.47776e+07
1.47773e+07
1.47769e+07
1.47766e+07
1.47763e+07
1.4776e+07
1.47757e+07
1.47753e+07
1.4775e+07
1.47747e+07
1.47743e+07
1.4774e+07
1.47737e+07
1.47733e+07
1.47729e+07
1.47725e+07
1.4772e+07
1.47714e+07
1.47708e+07
1.47702e+07
1.47695e+07
1.47687e+07
1.47679e+07
1.4767e+07
1.4766e+07
1.4765e+07
1.4764e+07
1.47628e+07
1.47616e+07
1.47604e+07
1.4759e+07
1.47576e+07
1.47562e+07
1.47546e+07
1.4753e+07
1.47514e+07
1.47497e+07
1.47479e+07
1.47461e+07
1.47443e+07
1.47424e+07
1.47405e+07
1.47386e+07
1.47366e+07
1.47347e+07
1.47327e+07
1.47307e+07
1.47287e+07
1.47267e+07
1.47247e+07
1.47227e+07
1.47208e+07
1.47839e+07
1.47837e+07
1.47835e+07
1.47832e+07
1.4783e+07
1.47827e+07
1.47825e+07
1.47822e+07
1.47819e+07
1.47817e+07
1.47814e+07
1.47811e+07
1.47808e+07
1.47806e+07
1.47803e+07
1.478e+07
1.47797e+07
1.47794e+07
1.47791e+07
1.47788e+07
1.47785e+07
1.47782e+07
1.47779e+07
1.47776e+07
1.47773e+07
1.47769e+07
1.47766e+07
1.47763e+07
1.4776e+07
1.47757e+07
1.47753e+07
1.4775e+07
1.47747e+07
1.47743e+07
1.4774e+07
1.47737e+07
1.47733e+07
1.47729e+07
1.47725e+07
1.4772e+07
1.47714e+07
1.47708e+07
1.47702e+07
1.47695e+07
1.47687e+07
1.47679e+07
1.4767e+07
1.4766e+07
1.4765e+07
1.4764e+07
1.47628e+07
1.47616e+07
1.47604e+07
1.4759e+07
1.47576e+07
1.47562e+07
1.47546e+07
1.4753e+07
1.47514e+07
1.47497e+07
1.47479e+07
1.47461e+07
1.47443e+07
1.47424e+07
1.47405e+07
1.47386e+07
1.47366e+07
1.47347e+07
1.47327e+07
1.47307e+07
1.47287e+07
1.47267e+07
1.47247e+07
1.47227e+07
1.47208e+07
)
;
    }
}


// ************************************************************************* //
