/*--------------------------------*- C++ -*----------------------------------*\
| =========                 |                                                 |
| \\      /  F ield         | OpenFOAM: The Open Source CFD Toolbox           |
|  \\    /   O peration     | Version:  2406                                  |
|   \\  /    A nd           | Website:  www.openfoam.com                      |
|    \\/     M anipulation  |                                                 |
\*---------------------------------------------------------------------------*/
FoamFile
{
    version     2.0;
    format      ascii;
    arch        "LSB;label=32;scalar=64";
    class       volScalarField;
    location    "0.6/fluidRegion";
    object      p_rgh;
}
// * * * * * * * * * * * * * * * * * * * * * * * * * * * * * * * * * * * * * //

dimensions      [1 -1 -2 0 0 0 0];

internalField   nonuniform List<scalar> 
70
(
7.23083e+06
7.23081e+06
7.23078e+06
7.23074e+06
7.23071e+06
7.23066e+06
7.23061e+06
7.23055e+06
7.23049e+06
7.23041e+06
7.23032e+06
7.23022e+06
7.23011e+06
7.22998e+06
7.22984e+06
7.22969e+06
7.22951e+06
7.22933e+06
7.22912e+06
7.22889e+06
7.22865e+06
7.2284e+06
7.22814e+06
7.22786e+06
7.22758e+06
7.22728e+06
7.22698e+06
7.22666e+06
7.22634e+06
7.226e+06
7.22566e+06
7.2253e+06
7.22493e+06
7.22455e+06
7.22416e+06
7.22375e+06
7.22334e+06
7.22291e+06
7.22246e+06
7.22201e+06
7.22154e+06
7.22106e+06
7.22056e+06
7.22005e+06
7.21952e+06
7.21898e+06
7.21842e+06
7.21785e+06
7.21726e+06
7.21666e+06
7.21604e+06
7.2154e+06
7.21474e+06
7.21407e+06
7.21338e+06
7.21267e+06
7.21194e+06
7.21119e+06
7.21042e+06
7.20963e+06
7.20882e+06
7.20799e+06
7.20713e+06
7.20626e+06
7.20536e+06
7.20444e+06
7.2035e+06
7.20253e+06
7.20154e+06
7.20054e+06
)
;

boundaryField
{
    inlet
    {
        type            fixedFluxPressure;
        gradient        uniform 1136.04;
        value           uniform 7.23084e+06;
    }
    outlet
    {
        type            fixedValue;
        value           uniform 7.2e+06;
    }
    fixedWalls
    {
        type            fixedFluxPressure;
        gradient        nonuniform List<scalar> 
280
(
-3.52925e-17
-3.477e-17
4.83486e-17
-2.78719e-18
-4.21546e-17
0
0
0
0
0
0
0
0
0
0
0
0
0
0
0
0
0
0
0
0
0
0
0
0
0
0
0
0
0
0
0
0
0
0
0
0
0
0
0
0
0
0
0
0
0
0
0
0
0
0
0
0
0
0
0
0
0
0
0
0
0
0
0
0
0
3.52925e-17
3.477e-17
-4.83486e-17
2.78719e-18
4.21546e-17
0
0
0
0
0
0
0
0
0
0
0
0
0
0
0
0
0
0
0
0
0
0
0
0
0
0
0
0
0
0
0
0
0
0
0
0
0
0
0
0
0
0
0
0
0
0
0
0
0
0
0
0
0
0
0
0
0
0
0
0
0
0
0
0
0
-3.52925e-17
-3.477e-17
4.83486e-17
-2.78719e-18
-4.21546e-17
0
0
0
0
0
0
0
0
0
0
0
0
0
0
0
0
0
0
0
0
0
0
0
0
0
0
0
0
0
0
0
0
0
0
0
0
0
0
0
0
0
0
0
0
0
0
0
0
0
0
0
0
0
0
0
0
0
0
0
0
0
0
0
0
0
3.52925e-17
3.477e-17
-4.83486e-17
2.78719e-18
4.21546e-17
0
0
0
0
0
0
0
0
0
0
0
0
0
0
0
0
0
0
0
0
0
0
0
0
0
0
0
0
0
0
0
0
0
0
0
0
0
0
0
0
0
0
0
0
0
0
0
0
0
0
0
0
0
0
0
0
0
0
0
0
0
0
0
0
0
)
;
        value           nonuniform List<scalar> 
280
(
7.23083e+06
7.23081e+06
7.23078e+06
7.23074e+06
7.23071e+06
7.23066e+06
7.23061e+06
7.23055e+06
7.23049e+06
7.23041e+06
7.23032e+06
7.23022e+06
7.23011e+06
7.22998e+06
7.22984e+06
7.22969e+06
7.22951e+06
7.22933e+06
7.22912e+06
7.22889e+06
7.22865e+06
7.2284e+06
7.22814e+06
7.22786e+06
7.22758e+06
7.22728e+06
7.22698e+06
7.22666e+06
7.22634e+06
7.226e+06
7.22566e+06
7.2253e+06
7.22493e+06
7.22455e+06
7.22416e+06
7.22375e+06
7.22334e+06
7.22291e+06
7.22246e+06
7.22201e+06
7.22154e+06
7.22106e+06
7.22056e+06
7.22005e+06
7.21952e+06
7.21898e+06
7.21842e+06
7.21785e+06
7.21726e+06
7.21666e+06
7.21604e+06
7.2154e+06
7.21474e+06
7.21407e+06
7.21338e+06
7.21267e+06
7.21194e+06
7.21119e+06
7.21042e+06
7.20963e+06
7.20882e+06
7.20799e+06
7.20713e+06
7.20626e+06
7.20536e+06
7.20444e+06
7.2035e+06
7.20253e+06
7.20154e+06
7.20054e+06
7.23083e+06
7.23081e+06
7.23078e+06
7.23074e+06
7.23071e+06
7.23066e+06
7.23061e+06
7.23055e+06
7.23049e+06
7.23041e+06
7.23032e+06
7.23022e+06
7.23011e+06
7.22998e+06
7.22984e+06
7.22969e+06
7.22951e+06
7.22933e+06
7.22912e+06
7.22889e+06
7.22865e+06
7.2284e+06
7.22814e+06
7.22786e+06
7.22758e+06
7.22728e+06
7.22698e+06
7.22666e+06
7.22634e+06
7.226e+06
7.22566e+06
7.2253e+06
7.22493e+06
7.22455e+06
7.22416e+06
7.22375e+06
7.22334e+06
7.22291e+06
7.22246e+06
7.22201e+06
7.22154e+06
7.22106e+06
7.22056e+06
7.22005e+06
7.21952e+06
7.21898e+06
7.21842e+06
7.21785e+06
7.21726e+06
7.21666e+06
7.21604e+06
7.2154e+06
7.21474e+06
7.21407e+06
7.21338e+06
7.21267e+06
7.21194e+06
7.21119e+06
7.21042e+06
7.20963e+06
7.20882e+06
7.20799e+06
7.20713e+06
7.20626e+06
7.20536e+06
7.20444e+06
7.2035e+06
7.20253e+06
7.20154e+06
7.20054e+06
7.23083e+06
7.23081e+06
7.23078e+06
7.23074e+06
7.23071e+06
7.23066e+06
7.23061e+06
7.23055e+06
7.23049e+06
7.23041e+06
7.23032e+06
7.23022e+06
7.23011e+06
7.22998e+06
7.22984e+06
7.22969e+06
7.22951e+06
7.22933e+06
7.22912e+06
7.22889e+06
7.22865e+06
7.2284e+06
7.22814e+06
7.22786e+06
7.22758e+06
7.22728e+06
7.22698e+06
7.22666e+06
7.22634e+06
7.226e+06
7.22566e+06
7.2253e+06
7.22493e+06
7.22455e+06
7.22416e+06
7.22375e+06
7.22334e+06
7.22291e+06
7.22246e+06
7.22201e+06
7.22154e+06
7.22106e+06
7.22056e+06
7.22005e+06
7.21952e+06
7.21898e+06
7.21842e+06
7.21785e+06
7.21726e+06
7.21666e+06
7.21604e+06
7.2154e+06
7.21474e+06
7.21407e+06
7.21338e+06
7.21267e+06
7.21194e+06
7.21119e+06
7.21042e+06
7.20963e+06
7.20882e+06
7.20799e+06
7.20713e+06
7.20626e+06
7.20536e+06
7.20444e+06
7.2035e+06
7.20253e+06
7.20154e+06
7.20054e+06
7.23083e+06
7.23081e+06
7.23078e+06
7.23074e+06
7.23071e+06
7.23066e+06
7.23061e+06
7.23055e+06
7.23049e+06
7.23041e+06
7.23032e+06
7.23022e+06
7.23011e+06
7.22998e+06
7.22984e+06
7.22969e+06
7.22951e+06
7.22933e+06
7.22912e+06
7.22889e+06
7.22865e+06
7.2284e+06
7.22814e+06
7.22786e+06
7.22758e+06
7.22728e+06
7.22698e+06
7.22666e+06
7.22634e+06
7.226e+06
7.22566e+06
7.2253e+06
7.22493e+06
7.22455e+06
7.22416e+06
7.22375e+06
7.22334e+06
7.22291e+06
7.22246e+06
7.22201e+06
7.22154e+06
7.22106e+06
7.22056e+06
7.22005e+06
7.21952e+06
7.21898e+06
7.21842e+06
7.21785e+06
7.21726e+06
7.21666e+06
7.21604e+06
7.2154e+06
7.21474e+06
7.21407e+06
7.21338e+06
7.21267e+06
7.21194e+06
7.21119e+06
7.21042e+06
7.20963e+06
7.20882e+06
7.20799e+06
7.20713e+06
7.20626e+06
7.20536e+06
7.20444e+06
7.2035e+06
7.20253e+06
7.20154e+06
7.20054e+06
)
;
    }
}


// ************************************************************************* //
