/*--------------------------------*- C++ -*----------------------------------*\
| =========                 |                                                 |
| \\      /  F ield         | OpenFOAM: The Open Source CFD Toolbox           |
|  \\    /   O peration     | Version:  2406                                  |
|   \\  /    A nd           | Website:  www.openfoam.com                      |
|    \\/     M anipulation  |                                                 |
\*---------------------------------------------------------------------------*/
FoamFile
{
    version     2.0;
    format      ascii;
    arch        "LSB;label=32;scalar=64";
    class       volScalarField;
    location    "30/fluidRegion";
    object      p_rgh;
}
// * * * * * * * * * * * * * * * * * * * * * * * * * * * * * * * * * * * * * //

dimensions      [1 -1 -2 0 0 0 0];

internalField   nonuniform List<scalar> 
70
(
7.21806e+06
7.21803e+06
7.21801e+06
7.21798e+06
7.21796e+06
7.21793e+06
7.21791e+06
7.21788e+06
7.21786e+06
7.21783e+06
7.21781e+06
7.21778e+06
7.21775e+06
7.21773e+06
7.2177e+06
7.21767e+06
7.21764e+06
7.21761e+06
7.21757e+06
7.21752e+06
7.21747e+06
7.21742e+06
7.21735e+06
7.21728e+06
7.2172e+06
7.21711e+06
7.21701e+06
7.2169e+06
7.21678e+06
7.21665e+06
7.21651e+06
7.21635e+06
7.21619e+06
7.21601e+06
7.21583e+06
7.21564e+06
7.21544e+06
7.21524e+06
7.21503e+06
7.21482e+06
7.2146e+06
7.21438e+06
7.21415e+06
7.21391e+06
7.21367e+06
7.21343e+06
7.21318e+06
7.21293e+06
7.21267e+06
7.2124e+06
7.21213e+06
7.21186e+06
7.21158e+06
7.21129e+06
7.211e+06
7.2107e+06
7.2104e+06
7.21009e+06
7.20978e+06
7.20946e+06
7.20914e+06
7.20881e+06
7.20847e+06
7.20813e+06
7.20779e+06
7.20744e+06
7.20708e+06
7.20672e+06
7.20635e+06
7.20598e+06
)
;

boundaryField
{
    inlet
    {
        type            fixedFluxPressure;
        gradient        uniform 1067.03;
        value           uniform 7.21807e+06;
    }
    outlet
    {
        type            fixedValue;
        value           uniform 7.20581e+06;
    }
    fixedWalls
    {
        type            fixedFluxPressure;
        gradient        nonuniform List<scalar> 
280
(
0
0
0
0
0
0
0
0
0
0
0
0
0
0
0
0
0
0
0
0
0
0
0
0
0
0
0
0
0
0
0
0
0
0
0
0
0
0
0
0
0
0
0
0
0
2.44813e-16
-5.52962e-18
-2.32859e-16
0
0
0
0
4.89729e-16
-9.38929e-18
-4.73146e-16
0
0
0
0
0
0
4.94646e-16
-8.26291e-18
-4.83179e-16
4.938e-16
-7.99238e-18
-4.83542e-16
0
4.97171e-16
4.88592e-16
0
0
0
0
0
0
0
0
0
0
0
0
0
0
0
0
0
0
0
0
0
0
0
0
0
0
0
0
0
0
0
0
0
0
0
0
0
0
0
0
0
0
0
0
0
-2.44813e-16
5.52962e-18
2.32859e-16
0
0
0
0
-4.89729e-16
9.38929e-18
4.73146e-16
0
0
0
0
0
0
-4.94646e-16
8.26291e-18
4.83179e-16
-4.938e-16
7.99238e-18
4.83542e-16
0
-4.97171e-16
-4.88592e-16
0
0
0
0
0
0
0
0
0
0
0
0
0
0
0
0
0
0
0
0
0
0
0
0
0
0
0
0
0
0
0
0
0
0
0
0
0
0
0
0
0
0
0
0
0
2.44813e-16
-5.52962e-18
-2.32859e-16
0
0
0
0
4.89729e-16
-9.38929e-18
-4.73146e-16
0
0
0
0
0
0
4.94646e-16
-8.26291e-18
-4.83179e-16
4.938e-16
-7.99238e-18
-4.83542e-16
0
4.97171e-16
4.88592e-16
0
0
0
0
0
0
0
0
0
0
0
0
0
0
0
0
0
0
0
0
0
0
0
0
0
0
0
0
0
0
0
0
0
0
0
0
0
0
0
0
0
0
0
0
0
-2.44813e-16
5.52962e-18
2.32859e-16
0
0
0
0
-4.89729e-16
9.38929e-18
4.73146e-16
0
0
0
0
0
0
-4.94646e-16
8.26291e-18
4.83179e-16
-4.938e-16
7.99238e-18
4.83542e-16
0
-4.97171e-16
-4.88592e-16
)
;
        value           nonuniform List<scalar> 
280
(
7.21806e+06
7.21803e+06
7.21801e+06
7.21798e+06
7.21796e+06
7.21793e+06
7.21791e+06
7.21788e+06
7.21786e+06
7.21783e+06
7.21781e+06
7.21778e+06
7.21775e+06
7.21773e+06
7.2177e+06
7.21767e+06
7.21764e+06
7.21761e+06
7.21757e+06
7.21752e+06
7.21747e+06
7.21742e+06
7.21735e+06
7.21728e+06
7.2172e+06
7.21711e+06
7.21701e+06
7.2169e+06
7.21678e+06
7.21665e+06
7.21651e+06
7.21635e+06
7.21619e+06
7.21601e+06
7.21583e+06
7.21564e+06
7.21544e+06
7.21524e+06
7.21503e+06
7.21482e+06
7.2146e+06
7.21438e+06
7.21415e+06
7.21391e+06
7.21367e+06
7.21343e+06
7.21318e+06
7.21293e+06
7.21267e+06
7.2124e+06
7.21213e+06
7.21186e+06
7.21158e+06
7.21129e+06
7.211e+06
7.2107e+06
7.2104e+06
7.21009e+06
7.20978e+06
7.20946e+06
7.20914e+06
7.20881e+06
7.20847e+06
7.20813e+06
7.20779e+06
7.20744e+06
7.20708e+06
7.20672e+06
7.20635e+06
7.20598e+06
7.21806e+06
7.21803e+06
7.21801e+06
7.21798e+06
7.21796e+06
7.21793e+06
7.21791e+06
7.21788e+06
7.21786e+06
7.21783e+06
7.21781e+06
7.21778e+06
7.21775e+06
7.21773e+06
7.2177e+06
7.21767e+06
7.21764e+06
7.21761e+06
7.21757e+06
7.21752e+06
7.21747e+06
7.21742e+06
7.21735e+06
7.21728e+06
7.2172e+06
7.21711e+06
7.21701e+06
7.2169e+06
7.21678e+06
7.21665e+06
7.21651e+06
7.21635e+06
7.21619e+06
7.21601e+06
7.21583e+06
7.21564e+06
7.21544e+06
7.21524e+06
7.21503e+06
7.21482e+06
7.2146e+06
7.21438e+06
7.21415e+06
7.21391e+06
7.21367e+06
7.21343e+06
7.21318e+06
7.21293e+06
7.21267e+06
7.2124e+06
7.21213e+06
7.21186e+06
7.21158e+06
7.21129e+06
7.211e+06
7.2107e+06
7.2104e+06
7.21009e+06
7.20978e+06
7.20946e+06
7.20914e+06
7.20881e+06
7.20847e+06
7.20813e+06
7.20779e+06
7.20744e+06
7.20708e+06
7.20672e+06
7.20635e+06
7.20598e+06
7.21806e+06
7.21803e+06
7.21801e+06
7.21798e+06
7.21796e+06
7.21793e+06
7.21791e+06
7.21788e+06
7.21786e+06
7.21783e+06
7.21781e+06
7.21778e+06
7.21775e+06
7.21773e+06
7.2177e+06
7.21767e+06
7.21764e+06
7.21761e+06
7.21757e+06
7.21752e+06
7.21747e+06
7.21742e+06
7.21735e+06
7.21728e+06
7.2172e+06
7.21711e+06
7.21701e+06
7.2169e+06
7.21678e+06
7.21665e+06
7.21651e+06
7.21635e+06
7.21619e+06
7.21601e+06
7.21583e+06
7.21564e+06
7.21544e+06
7.21524e+06
7.21503e+06
7.21482e+06
7.2146e+06
7.21438e+06
7.21415e+06
7.21391e+06
7.21367e+06
7.21343e+06
7.21318e+06
7.21293e+06
7.21267e+06
7.2124e+06
7.21213e+06
7.21186e+06
7.21158e+06
7.21129e+06
7.211e+06
7.2107e+06
7.2104e+06
7.21009e+06
7.20978e+06
7.20946e+06
7.20914e+06
7.20881e+06
7.20847e+06
7.20813e+06
7.20779e+06
7.20744e+06
7.20708e+06
7.20672e+06
7.20635e+06
7.20598e+06
7.21806e+06
7.21803e+06
7.21801e+06
7.21798e+06
7.21796e+06
7.21793e+06
7.21791e+06
7.21788e+06
7.21786e+06
7.21783e+06
7.21781e+06
7.21778e+06
7.21775e+06
7.21773e+06
7.2177e+06
7.21767e+06
7.21764e+06
7.21761e+06
7.21757e+06
7.21752e+06
7.21747e+06
7.21742e+06
7.21735e+06
7.21728e+06
7.2172e+06
7.21711e+06
7.21701e+06
7.2169e+06
7.21678e+06
7.21665e+06
7.21651e+06
7.21635e+06
7.21619e+06
7.21601e+06
7.21583e+06
7.21564e+06
7.21544e+06
7.21524e+06
7.21503e+06
7.21482e+06
7.2146e+06
7.21438e+06
7.21415e+06
7.21391e+06
7.21367e+06
7.21343e+06
7.21318e+06
7.21293e+06
7.21267e+06
7.2124e+06
7.21213e+06
7.21186e+06
7.21158e+06
7.21129e+06
7.211e+06
7.2107e+06
7.2104e+06
7.21009e+06
7.20978e+06
7.20946e+06
7.20914e+06
7.20881e+06
7.20847e+06
7.20813e+06
7.20779e+06
7.20744e+06
7.20708e+06
7.20672e+06
7.20635e+06
7.20598e+06
)
;
    }
}


// ************************************************************************* //
