/*--------------------------------*- C++ -*----------------------------------*\
| =========                 |                                                 |
| \\      /  F ield         | OpenFOAM: The Open Source CFD Toolbox           |
|  \\    /   O peration     | Version:  2406                                  |
|   \\  /    A nd           | Website:  www.openfoam.com                      |
|    \\/     M anipulation  |                                                 |
\*---------------------------------------------------------------------------*/
FoamFile
{
    version     2.0;
    format      ascii;
    arch        "LSB;label=32;scalar=64";
    class       volScalarField;
    location    "0.6/fluidRegion";
    object      p_rgh;
}
// * * * * * * * * * * * * * * * * * * * * * * * * * * * * * * * * * * * * * //

dimensions      [1 -1 -2 0 0 0 0];

internalField   nonuniform List<scalar> 
70
(
1.47724e+07
1.47722e+07
1.47719e+07
1.47716e+07
1.47713e+07
1.4771e+07
1.47707e+07
1.47704e+07
1.47701e+07
1.47699e+07
1.47696e+07
1.47693e+07
1.4769e+07
1.47687e+07
1.47684e+07
1.47681e+07
1.47678e+07
1.47675e+07
1.47673e+07
1.4767e+07
1.47667e+07
1.47664e+07
1.47661e+07
1.47658e+07
1.47655e+07
1.47652e+07
1.47649e+07
1.47647e+07
1.47644e+07
1.47641e+07
1.47638e+07
1.47635e+07
1.47632e+07
1.47629e+07
1.47626e+07
1.47623e+07
1.4762e+07
1.47616e+07
1.47612e+07
1.47607e+07
1.47603e+07
1.47597e+07
1.47592e+07
1.47585e+07
1.47579e+07
1.47571e+07
1.47564e+07
1.47555e+07
1.47546e+07
1.47537e+07
1.47527e+07
1.47516e+07
1.47505e+07
1.47493e+07
1.4748e+07
1.47467e+07
1.47453e+07
1.47438e+07
1.47423e+07
1.47407e+07
1.4739e+07
1.47372e+07
1.47354e+07
1.47336e+07
1.47316e+07
1.47296e+07
1.47275e+07
1.47254e+07
1.47232e+07
1.4721e+07
)
;

boundaryField
{
    inlet
    {
        type            fixedFluxPressure;
        gradient        uniform 11663.1;
        value           uniform 1.47726e+07;
    }
    outlet
    {
        type            fixedValue;
        value           uniform 1.47198e+07;
    }
    fixedWalls
    {
        type            fixedFluxPressure;
        gradient        nonuniform List<scalar> 
280
(
-2.21864e-16
-2.20244e-16
1.09313e-16
-2.69907e-19
-1.09313e-16
0
0
0
0
0
0
0
0
0
0
0
0
0
0
0
0
0
0
0
0
0
0
0
0
0
0
0
0
0
0
0
0
0
0
0
0
0
0
0
0
0
0
0
0
0
0
0
0
0
0
0
0
0
0
0
0
0
0
0
0
0
0
0
0
0
2.21864e-16
2.20244e-16
-1.09313e-16
2.69907e-19
1.09313e-16
0
0
0
0
0
0
0
0
0
0
0
0
0
0
0
0
0
0
0
0
0
0
0
0
0
0
0
0
0
0
0
0
0
0
0
0
0
0
0
0
0
0
0
0
0
0
0
0
0
0
0
0
0
0
0
0
0
0
0
0
0
0
0
0
0
-2.21864e-16
-2.20244e-16
1.09313e-16
-2.69907e-19
-1.09313e-16
0
0
0
0
0
0
0
0
0
0
0
0
0
0
0
0
0
0
0
0
0
0
0
0
0
0
0
0
0
0
0
0
0
0
0
0
0
0
0
0
0
0
0
0
0
0
0
0
0
0
0
0
0
0
0
0
0
0
0
0
0
0
0
0
0
2.21864e-16
2.20244e-16
-1.09313e-16
2.69907e-19
1.09313e-16
0
0
0
0
0
0
0
0
0
0
0
0
0
0
0
0
0
0
0
0
0
0
0
0
0
0
0
0
0
0
0
0
0
0
0
0
0
0
0
0
0
0
0
0
0
0
0
0
0
0
0
0
0
0
0
0
0
0
0
0
0
0
0
0
0
)
;
        value           nonuniform List<scalar> 
280
(
1.47724e+07
1.47722e+07
1.47719e+07
1.47716e+07
1.47713e+07
1.4771e+07
1.47707e+07
1.47704e+07
1.47701e+07
1.47699e+07
1.47696e+07
1.47693e+07
1.4769e+07
1.47687e+07
1.47684e+07
1.47681e+07
1.47678e+07
1.47675e+07
1.47673e+07
1.4767e+07
1.47667e+07
1.47664e+07
1.47661e+07
1.47658e+07
1.47655e+07
1.47652e+07
1.47649e+07
1.47647e+07
1.47644e+07
1.47641e+07
1.47638e+07
1.47635e+07
1.47632e+07
1.47629e+07
1.47626e+07
1.47623e+07
1.4762e+07
1.47616e+07
1.47612e+07
1.47607e+07
1.47603e+07
1.47597e+07
1.47592e+07
1.47585e+07
1.47579e+07
1.47571e+07
1.47564e+07
1.47555e+07
1.47546e+07
1.47537e+07
1.47527e+07
1.47516e+07
1.47505e+07
1.47493e+07
1.4748e+07
1.47467e+07
1.47453e+07
1.47438e+07
1.47423e+07
1.47407e+07
1.4739e+07
1.47372e+07
1.47354e+07
1.47336e+07
1.47316e+07
1.47296e+07
1.47275e+07
1.47254e+07
1.47232e+07
1.4721e+07
1.47724e+07
1.47722e+07
1.47719e+07
1.47716e+07
1.47713e+07
1.4771e+07
1.47707e+07
1.47704e+07
1.47701e+07
1.47699e+07
1.47696e+07
1.47693e+07
1.4769e+07
1.47687e+07
1.47684e+07
1.47681e+07
1.47678e+07
1.47675e+07
1.47673e+07
1.4767e+07
1.47667e+07
1.47664e+07
1.47661e+07
1.47658e+07
1.47655e+07
1.47652e+07
1.47649e+07
1.47647e+07
1.47644e+07
1.47641e+07
1.47638e+07
1.47635e+07
1.47632e+07
1.47629e+07
1.47626e+07
1.47623e+07
1.4762e+07
1.47616e+07
1.47612e+07
1.47607e+07
1.47603e+07
1.47597e+07
1.47592e+07
1.47585e+07
1.47579e+07
1.47571e+07
1.47564e+07
1.47555e+07
1.47546e+07
1.47537e+07
1.47527e+07
1.47516e+07
1.47505e+07
1.47493e+07
1.4748e+07
1.47467e+07
1.47453e+07
1.47438e+07
1.47423e+07
1.47407e+07
1.4739e+07
1.47372e+07
1.47354e+07
1.47336e+07
1.47316e+07
1.47296e+07
1.47275e+07
1.47254e+07
1.47232e+07
1.4721e+07
1.47724e+07
1.47722e+07
1.47719e+07
1.47716e+07
1.47713e+07
1.4771e+07
1.47707e+07
1.47704e+07
1.47701e+07
1.47699e+07
1.47696e+07
1.47693e+07
1.4769e+07
1.47687e+07
1.47684e+07
1.47681e+07
1.47678e+07
1.47675e+07
1.47673e+07
1.4767e+07
1.47667e+07
1.47664e+07
1.47661e+07
1.47658e+07
1.47655e+07
1.47652e+07
1.47649e+07
1.47647e+07
1.47644e+07
1.47641e+07
1.47638e+07
1.47635e+07
1.47632e+07
1.47629e+07
1.47626e+07
1.47623e+07
1.4762e+07
1.47616e+07
1.47612e+07
1.47607e+07
1.47603e+07
1.47597e+07
1.47592e+07
1.47585e+07
1.47579e+07
1.47571e+07
1.47564e+07
1.47555e+07
1.47546e+07
1.47537e+07
1.47527e+07
1.47516e+07
1.47505e+07
1.47493e+07
1.4748e+07
1.47467e+07
1.47453e+07
1.47438e+07
1.47423e+07
1.47407e+07
1.4739e+07
1.47372e+07
1.47354e+07
1.47336e+07
1.47316e+07
1.47296e+07
1.47275e+07
1.47254e+07
1.47232e+07
1.4721e+07
1.47724e+07
1.47722e+07
1.47719e+07
1.47716e+07
1.47713e+07
1.4771e+07
1.47707e+07
1.47704e+07
1.47701e+07
1.47699e+07
1.47696e+07
1.47693e+07
1.4769e+07
1.47687e+07
1.47684e+07
1.47681e+07
1.47678e+07
1.47675e+07
1.47673e+07
1.4767e+07
1.47667e+07
1.47664e+07
1.47661e+07
1.47658e+07
1.47655e+07
1.47652e+07
1.47649e+07
1.47647e+07
1.47644e+07
1.47641e+07
1.47638e+07
1.47635e+07
1.47632e+07
1.47629e+07
1.47626e+07
1.47623e+07
1.4762e+07
1.47616e+07
1.47612e+07
1.47607e+07
1.47603e+07
1.47597e+07
1.47592e+07
1.47585e+07
1.47579e+07
1.47571e+07
1.47564e+07
1.47555e+07
1.47546e+07
1.47537e+07
1.47527e+07
1.47516e+07
1.47505e+07
1.47493e+07
1.4748e+07
1.47467e+07
1.47453e+07
1.47438e+07
1.47423e+07
1.47407e+07
1.4739e+07
1.47372e+07
1.47354e+07
1.47336e+07
1.47316e+07
1.47296e+07
1.47275e+07
1.47254e+07
1.47232e+07
1.4721e+07
)
;
    }
}


// ************************************************************************* //
