/*--------------------------------*- C++ -*----------------------------------*\
| =========                 |                                                 |
| \\      /  F ield         | OpenFOAM: The Open Source CFD Toolbox           |
|  \\    /   O peration     | Version:  2406                                  |
|   \\  /    A nd           | Website:  www.openfoam.com                      |
|    \\/     M anipulation  |                                                 |
\*---------------------------------------------------------------------------*/
FoamFile
{
    version     2.0;
    format      ascii;
    arch        "LSB;label=32;scalar=64";
    class       volScalarField;
    location    "30/fluidRegion";
    object      p_rgh;
}
// * * * * * * * * * * * * * * * * * * * * * * * * * * * * * * * * * * * * * //

dimensions      [1 -1 -2 0 0 0 0];

internalField   nonuniform List<scalar> 
70
(
7.21228e+06
7.21225e+06
7.21223e+06
7.2122e+06
7.21218e+06
7.21215e+06
7.21213e+06
7.2121e+06
7.21208e+06
7.21205e+06
7.21202e+06
7.212e+06
7.21197e+06
7.21195e+06
7.21192e+06
7.21189e+06
7.21186e+06
7.21183e+06
7.21179e+06
7.21174e+06
7.21169e+06
7.21163e+06
7.21157e+06
7.21149e+06
7.21141e+06
7.21132e+06
7.21122e+06
7.21111e+06
7.21099e+06
7.21086e+06
7.21072e+06
7.21056e+06
7.2104e+06
7.21022e+06
7.21004e+06
7.20984e+06
7.20965e+06
7.20944e+06
7.20923e+06
7.20902e+06
7.2088e+06
7.20858e+06
7.20835e+06
7.20812e+06
7.20788e+06
7.20763e+06
7.20738e+06
7.20713e+06
7.20687e+06
7.2066e+06
7.20633e+06
7.20606e+06
7.20578e+06
7.20549e+06
7.2052e+06
7.2049e+06
7.2046e+06
7.20429e+06
7.20398e+06
7.20366e+06
7.20333e+06
7.203e+06
7.20267e+06
7.20233e+06
7.20198e+06
7.20163e+06
7.20127e+06
7.20091e+06
7.20054e+06
7.20017e+06
)
;

boundaryField
{
    inlet
    {
        type            fixedFluxPressure;
        gradient        uniform 1067.03;
        value           uniform 7.21229e+06;
    }
    outlet
    {
        type            fixedValue;
        value           uniform 7.2e+06;
    }
    fixedWalls
    {
        type            fixedFluxPressure;
        gradient        nonuniform List<scalar> 
280
(
0
0
0
0
0
0
0
0
0
0
0
0
0
0
0
0
0
0
0
0
0
0
0
0
0
0
0
0
0
0
0
0
0
0
0
0
0
0
0
0
0
0
0
0
0
2.37523e-16
-5.45056e-18
-2.25948e-16
0
0
0
0
2.47185e-16
-4.71727e-18
-2.43443e-16
0
0
0
0
0
0
2.53435e-16
-8.25454e-18
-2.4759e-16
4.93335e-16
-7.95909e-18
-4.83118e-16
0
4.96763e-16
4.88189e-16
0
0
0
0
0
0
0
0
0
0
0
0
0
0
0
0
0
0
0
0
0
0
0
0
0
0
0
0
0
0
0
0
0
0
0
0
0
0
0
0
0
0
0
0
0
-2.37523e-16
5.45056e-18
2.25948e-16
0
0
0
0
-2.47185e-16
4.71727e-18
2.43443e-16
0
0
0
0
0
0
-2.53435e-16
8.25454e-18
2.4759e-16
-4.93335e-16
7.95909e-18
4.83118e-16
0
-4.96763e-16
-4.88189e-16
0
0
0
0
0
0
0
0
0
0
0
0
0
0
0
0
0
0
0
0
0
0
0
0
0
0
0
0
0
0
0
0
0
0
0
0
0
0
0
0
0
0
0
0
0
2.37523e-16
-5.45056e-18
-2.25948e-16
0
0
0
0
2.47185e-16
-4.71727e-18
-2.43443e-16
0
0
0
0
0
0
2.53435e-16
-8.25454e-18
-2.4759e-16
4.93335e-16
-7.95909e-18
-4.83118e-16
0
4.96763e-16
4.88189e-16
0
0
0
0
0
0
0
0
0
0
0
0
0
0
0
0
0
0
0
0
0
0
0
0
0
0
0
0
0
0
0
0
0
0
0
0
0
0
0
0
0
0
0
0
0
-2.37523e-16
5.45056e-18
2.25948e-16
0
0
0
0
-2.47185e-16
4.71727e-18
2.43443e-16
0
0
0
0
0
0
-2.53435e-16
8.25454e-18
2.4759e-16
-4.93335e-16
7.95909e-18
4.83118e-16
0
-4.96763e-16
-4.88189e-16
)
;
        value           nonuniform List<scalar> 
280
(
7.21228e+06
7.21225e+06
7.21223e+06
7.2122e+06
7.21218e+06
7.21215e+06
7.21213e+06
7.2121e+06
7.21208e+06
7.21205e+06
7.21202e+06
7.212e+06
7.21197e+06
7.21195e+06
7.21192e+06
7.21189e+06
7.21186e+06
7.21183e+06
7.21179e+06
7.21174e+06
7.21169e+06
7.21163e+06
7.21157e+06
7.21149e+06
7.21141e+06
7.21132e+06
7.21122e+06
7.21111e+06
7.21099e+06
7.21086e+06
7.21072e+06
7.21056e+06
7.2104e+06
7.21022e+06
7.21004e+06
7.20984e+06
7.20965e+06
7.20944e+06
7.20923e+06
7.20902e+06
7.2088e+06
7.20858e+06
7.20835e+06
7.20812e+06
7.20788e+06
7.20763e+06
7.20738e+06
7.20713e+06
7.20687e+06
7.2066e+06
7.20633e+06
7.20606e+06
7.20578e+06
7.20549e+06
7.2052e+06
7.2049e+06
7.2046e+06
7.20429e+06
7.20398e+06
7.20366e+06
7.20333e+06
7.203e+06
7.20267e+06
7.20233e+06
7.20198e+06
7.20163e+06
7.20127e+06
7.20091e+06
7.20054e+06
7.20017e+06
7.21228e+06
7.21225e+06
7.21223e+06
7.2122e+06
7.21218e+06
7.21215e+06
7.21213e+06
7.2121e+06
7.21208e+06
7.21205e+06
7.21202e+06
7.212e+06
7.21197e+06
7.21195e+06
7.21192e+06
7.21189e+06
7.21186e+06
7.21183e+06
7.21179e+06
7.21174e+06
7.21169e+06
7.21163e+06
7.21157e+06
7.21149e+06
7.21141e+06
7.21132e+06
7.21122e+06
7.21111e+06
7.21099e+06
7.21086e+06
7.21072e+06
7.21056e+06
7.2104e+06
7.21022e+06
7.21004e+06
7.20984e+06
7.20965e+06
7.20944e+06
7.20923e+06
7.20902e+06
7.2088e+06
7.20858e+06
7.20835e+06
7.20812e+06
7.20788e+06
7.20763e+06
7.20738e+06
7.20713e+06
7.20687e+06
7.2066e+06
7.20633e+06
7.20606e+06
7.20578e+06
7.20549e+06
7.2052e+06
7.2049e+06
7.2046e+06
7.20429e+06
7.20398e+06
7.20366e+06
7.20333e+06
7.203e+06
7.20267e+06
7.20233e+06
7.20198e+06
7.20163e+06
7.20127e+06
7.20091e+06
7.20054e+06
7.20017e+06
7.21228e+06
7.21225e+06
7.21223e+06
7.2122e+06
7.21218e+06
7.21215e+06
7.21213e+06
7.2121e+06
7.21208e+06
7.21205e+06
7.21202e+06
7.212e+06
7.21197e+06
7.21195e+06
7.21192e+06
7.21189e+06
7.21186e+06
7.21183e+06
7.21179e+06
7.21174e+06
7.21169e+06
7.21163e+06
7.21157e+06
7.21149e+06
7.21141e+06
7.21132e+06
7.21122e+06
7.21111e+06
7.21099e+06
7.21086e+06
7.21072e+06
7.21056e+06
7.2104e+06
7.21022e+06
7.21004e+06
7.20984e+06
7.20965e+06
7.20944e+06
7.20923e+06
7.20902e+06
7.2088e+06
7.20858e+06
7.20835e+06
7.20812e+06
7.20788e+06
7.20763e+06
7.20738e+06
7.20713e+06
7.20687e+06
7.2066e+06
7.20633e+06
7.20606e+06
7.20578e+06
7.20549e+06
7.2052e+06
7.2049e+06
7.2046e+06
7.20429e+06
7.20398e+06
7.20366e+06
7.20333e+06
7.203e+06
7.20267e+06
7.20233e+06
7.20198e+06
7.20163e+06
7.20127e+06
7.20091e+06
7.20054e+06
7.20017e+06
7.21228e+06
7.21225e+06
7.21223e+06
7.2122e+06
7.21218e+06
7.21215e+06
7.21213e+06
7.2121e+06
7.21208e+06
7.21205e+06
7.21202e+06
7.212e+06
7.21197e+06
7.21195e+06
7.21192e+06
7.21189e+06
7.21186e+06
7.21183e+06
7.21179e+06
7.21174e+06
7.21169e+06
7.21163e+06
7.21157e+06
7.21149e+06
7.21141e+06
7.21132e+06
7.21122e+06
7.21111e+06
7.21099e+06
7.21086e+06
7.21072e+06
7.21056e+06
7.2104e+06
7.21022e+06
7.21004e+06
7.20984e+06
7.20965e+06
7.20944e+06
7.20923e+06
7.20902e+06
7.2088e+06
7.20858e+06
7.20835e+06
7.20812e+06
7.20788e+06
7.20763e+06
7.20738e+06
7.20713e+06
7.20687e+06
7.2066e+06
7.20633e+06
7.20606e+06
7.20578e+06
7.20549e+06
7.2052e+06
7.2049e+06
7.2046e+06
7.20429e+06
7.20398e+06
7.20366e+06
7.20333e+06
7.203e+06
7.20267e+06
7.20233e+06
7.20198e+06
7.20163e+06
7.20127e+06
7.20091e+06
7.20054e+06
7.20017e+06
)
;
    }
}


// ************************************************************************* //
