/*--------------------------------*- C++ -*----------------------------------*\
| =========                 |                                                 |
| \\      /  F ield         | OpenFOAM: The Open Source CFD Toolbox           |
|  \\    /   O peration     | Version:  2406                                  |
|   \\  /    A nd           | Website:  www.openfoam.com                      |
|    \\/     M anipulation  |                                                 |
\*---------------------------------------------------------------------------*/
FoamFile
{
    version     2.0;
    format      ascii;
    arch        "LSB;label=32;scalar=64";
    class       volScalarField;
    location    "0.6/fluidRegion";
    object      p_rgh;
}
// * * * * * * * * * * * * * * * * * * * * * * * * * * * * * * * * * * * * * //

dimensions      [1 -1 -2 0 0 0 0];

internalField   nonuniform List<scalar> 
70
(
1.47396e+07
1.47393e+07
1.4739e+07
1.47388e+07
1.47385e+07
1.47383e+07
1.4738e+07
1.47377e+07
1.47375e+07
1.47372e+07
1.47369e+07
1.47366e+07
1.47364e+07
1.47361e+07
1.47358e+07
1.47355e+07
1.47353e+07
1.4735e+07
1.47347e+07
1.47344e+07
1.47341e+07
1.47339e+07
1.47336e+07
1.47333e+07
1.4733e+07
1.47327e+07
1.47324e+07
1.47321e+07
1.47319e+07
1.47316e+07
1.47313e+07
1.4731e+07
1.47307e+07
1.47304e+07
1.47301e+07
1.47298e+07
1.47295e+07
1.47292e+07
1.47289e+07
1.47286e+07
1.47283e+07
1.4728e+07
1.47278e+07
1.47275e+07
1.47272e+07
1.47269e+07
1.47266e+07
1.47263e+07
1.4726e+07
1.47257e+07
1.47254e+07
1.47251e+07
1.47248e+07
1.47245e+07
1.47242e+07
1.47239e+07
1.47236e+07
1.47233e+07
1.47231e+07
1.47228e+07
1.47225e+07
1.47222e+07
1.47219e+07
1.47216e+07
1.47213e+07
1.4721e+07
1.47208e+07
1.47205e+07
1.47202e+07
1.47199e+07
)
;

boundaryField
{
    inlet
    {
        type            fixedFluxPressure;
        gradient        uniform 11680.8;
        value           uniform 1.47397e+07;
    }
    outlet
    {
        type            fixedValue;
        value           uniform 1.47198e+07;
    }
    fixedWalls
    {
        type            fixedFluxPressure;
        gradient        nonuniform List<scalar> 
280
(
-1.1051e-16
-1.1046e-16
1.10358e-16
-6.74769e-20
-1.10325e-16
0
0
0
0
0
0
0
0
0
0
0
0
0
0
0
0
0
0
0
0
0
0
0
0
0
0
0
0
0
0
0
0
0
0
0
0
0
0
0
0
0
0
0
0
0
0
0
0
0
0
0
0
0
0
0
0
0
0
0
0
0
0
0
0
0
1.1051e-16
1.1046e-16
-1.10358e-16
6.74769e-20
1.10325e-16
0
0
0
0
0
0
0
0
0
0
0
0
0
0
0
0
0
0
0
0
0
0
0
0
0
0
0
0
0
0
0
0
0
0
0
0
0
0
0
0
0
0
0
0
0
0
0
0
0
0
0
0
0
0
0
0
0
0
0
0
0
0
0
0
0
-1.1051e-16
-1.1046e-16
1.10358e-16
-6.74769e-20
-1.10325e-16
0
0
0
0
0
0
0
0
0
0
0
0
0
0
0
0
0
0
0
0
0
0
0
0
0
0
0
0
0
0
0
0
0
0
0
0
0
0
0
0
0
0
0
0
0
0
0
0
0
0
0
0
0
0
0
0
0
0
0
0
0
0
0
0
0
1.1051e-16
1.1046e-16
-1.10358e-16
6.74769e-20
1.10325e-16
0
0
0
0
0
0
0
0
0
0
0
0
0
0
0
0
0
0
0
0
0
0
0
0
0
0
0
0
0
0
0
0
0
0
0
0
0
0
0
0
0
0
0
0
0
0
0
0
0
0
0
0
0
0
0
0
0
0
0
0
0
0
0
0
0
)
;
        value           nonuniform List<scalar> 
280
(
1.47396e+07
1.47393e+07
1.4739e+07
1.47388e+07
1.47385e+07
1.47383e+07
1.4738e+07
1.47377e+07
1.47375e+07
1.47372e+07
1.47369e+07
1.47366e+07
1.47364e+07
1.47361e+07
1.47358e+07
1.47355e+07
1.47353e+07
1.4735e+07
1.47347e+07
1.47344e+07
1.47341e+07
1.47339e+07
1.47336e+07
1.47333e+07
1.4733e+07
1.47327e+07
1.47324e+07
1.47321e+07
1.47319e+07
1.47316e+07
1.47313e+07
1.4731e+07
1.47307e+07
1.47304e+07
1.47301e+07
1.47298e+07
1.47295e+07
1.47292e+07
1.47289e+07
1.47286e+07
1.47283e+07
1.4728e+07
1.47278e+07
1.47275e+07
1.47272e+07
1.47269e+07
1.47266e+07
1.47263e+07
1.4726e+07
1.47257e+07
1.47254e+07
1.47251e+07
1.47248e+07
1.47245e+07
1.47242e+07
1.47239e+07
1.47236e+07
1.47233e+07
1.47231e+07
1.47228e+07
1.47225e+07
1.47222e+07
1.47219e+07
1.47216e+07
1.47213e+07
1.4721e+07
1.47208e+07
1.47205e+07
1.47202e+07
1.47199e+07
1.47396e+07
1.47393e+07
1.4739e+07
1.47388e+07
1.47385e+07
1.47383e+07
1.4738e+07
1.47377e+07
1.47375e+07
1.47372e+07
1.47369e+07
1.47366e+07
1.47364e+07
1.47361e+07
1.47358e+07
1.47355e+07
1.47353e+07
1.4735e+07
1.47347e+07
1.47344e+07
1.47341e+07
1.47339e+07
1.47336e+07
1.47333e+07
1.4733e+07
1.47327e+07
1.47324e+07
1.47321e+07
1.47319e+07
1.47316e+07
1.47313e+07
1.4731e+07
1.47307e+07
1.47304e+07
1.47301e+07
1.47298e+07
1.47295e+07
1.47292e+07
1.47289e+07
1.47286e+07
1.47283e+07
1.4728e+07
1.47278e+07
1.47275e+07
1.47272e+07
1.47269e+07
1.47266e+07
1.47263e+07
1.4726e+07
1.47257e+07
1.47254e+07
1.47251e+07
1.47248e+07
1.47245e+07
1.47242e+07
1.47239e+07
1.47236e+07
1.47233e+07
1.47231e+07
1.47228e+07
1.47225e+07
1.47222e+07
1.47219e+07
1.47216e+07
1.47213e+07
1.4721e+07
1.47208e+07
1.47205e+07
1.47202e+07
1.47199e+07
1.47396e+07
1.47393e+07
1.4739e+07
1.47388e+07
1.47385e+07
1.47383e+07
1.4738e+07
1.47377e+07
1.47375e+07
1.47372e+07
1.47369e+07
1.47366e+07
1.47364e+07
1.47361e+07
1.47358e+07
1.47355e+07
1.47353e+07
1.4735e+07
1.47347e+07
1.47344e+07
1.47341e+07
1.47339e+07
1.47336e+07
1.47333e+07
1.4733e+07
1.47327e+07
1.47324e+07
1.47321e+07
1.47319e+07
1.47316e+07
1.47313e+07
1.4731e+07
1.47307e+07
1.47304e+07
1.47301e+07
1.47298e+07
1.47295e+07
1.47292e+07
1.47289e+07
1.47286e+07
1.47283e+07
1.4728e+07
1.47278e+07
1.47275e+07
1.47272e+07
1.47269e+07
1.47266e+07
1.47263e+07
1.4726e+07
1.47257e+07
1.47254e+07
1.47251e+07
1.47248e+07
1.47245e+07
1.47242e+07
1.47239e+07
1.47236e+07
1.47233e+07
1.47231e+07
1.47228e+07
1.47225e+07
1.47222e+07
1.47219e+07
1.47216e+07
1.47213e+07
1.4721e+07
1.47208e+07
1.47205e+07
1.47202e+07
1.47199e+07
1.47396e+07
1.47393e+07
1.4739e+07
1.47388e+07
1.47385e+07
1.47383e+07
1.4738e+07
1.47377e+07
1.47375e+07
1.47372e+07
1.47369e+07
1.47366e+07
1.47364e+07
1.47361e+07
1.47358e+07
1.47355e+07
1.47353e+07
1.4735e+07
1.47347e+07
1.47344e+07
1.47341e+07
1.47339e+07
1.47336e+07
1.47333e+07
1.4733e+07
1.47327e+07
1.47324e+07
1.47321e+07
1.47319e+07
1.47316e+07
1.47313e+07
1.4731e+07
1.47307e+07
1.47304e+07
1.47301e+07
1.47298e+07
1.47295e+07
1.47292e+07
1.47289e+07
1.47286e+07
1.47283e+07
1.4728e+07
1.47278e+07
1.47275e+07
1.47272e+07
1.47269e+07
1.47266e+07
1.47263e+07
1.4726e+07
1.47257e+07
1.47254e+07
1.47251e+07
1.47248e+07
1.47245e+07
1.47242e+07
1.47239e+07
1.47236e+07
1.47233e+07
1.47231e+07
1.47228e+07
1.47225e+07
1.47222e+07
1.47219e+07
1.47216e+07
1.47213e+07
1.4721e+07
1.47208e+07
1.47205e+07
1.47202e+07
1.47199e+07
)
;
    }
}


// ************************************************************************* //
