/*--------------------------------*- C++ -*----------------------------------*\
| =========                 |                                                 |
| \\      /  F ield         | OpenFOAM: The Open Source CFD Toolbox           |
|  \\    /   O peration     | Version:  2406                                  |
|   \\  /    A nd           | Website:  www.openfoam.com                      |
|    \\/     M anipulation  |                                                 |
\*---------------------------------------------------------------------------*/
FoamFile
{
    version     2.0;
    format      ascii;
    arch        "LSB;label=32;scalar=64";
    class       volTensorField;
    location    "0.6/fluidRegion";
    object      KdTotU;
}
// * * * * * * * * * * * * * * * * * * * * * * * * * * * * * * * * * * * * * //

dimensions      [1 -2 -2 0 0 0 0];

internalField   nonuniform List<tensor> 
75
(
(5075.57 0 0 0 5075.57 0 0 0 5075.57)
(5075.57 0 0 0 5075.57 0 0 0 5075.57)
(5075.57 0 0 0 5075.57 0 0 0 5075.57)
(5075.57 0 0 0 5075.57 0 0 0 5075.57)
(5075.57 0 0 0 5075.57 0 0 0 5075.57)
(5070.42 0 0 0 5070.42 0 0 0 5070.42)
(5088.31 0 0 0 5088.31 0 0 0 5088.31)
(5106.56 0 0 0 5106.56 0 0 0 5106.56)
(5125.15 0 0 0 5125.15 0 0 0 5125.15)
(5144.07 0 0 0 5144.07 0 0 0 5144.07)
(5163.28 0 0 0 5163.28 0 0 0 5163.28)
(5403.85 0 0 0 5403.85 0 0 0 5403.85)
(5833.65 0 0 0 5833.65 0 0 0 5833.65)
(6403.19 0 0 0 6403.19 0 0 0 6403.19)
(7090.92 0 0 0 7090.92 0 0 0 7090.92)
(7894.02 0 0 0 7894.02 0 0 0 7894.02)
(8803.46 0 0 0 8803.46 0 0 0 8803.46)
(9818.85 0 0 0 9818.85 0 0 0 9818.85)
(10941.1 0 0 0 10941.1 0 0 0 10941.1)
(12172.8 0 0 0 12172.8 0 0 0 12172.8)
(13517.3 0 0 0 13517.3 0 0 0 13517.3)
(14977.9 0 0 0 14977.9 0 0 0 14977.9)
(16557.9 0 0 0 16557.9 0 0 0 16557.9)
(18259.2 0 0 0 18259.2 0 0 0 18259.2)
(20090 0 0 0 20090 0 0 0 20090)
(22271.7 0 0 0 22271.7 0 0 0 22271.7)
(24704.2 0 0 0 24704.2 0 0 0 24704.2)
(27259.1 0 0 0 27259.1 0 0 0 27259.1)
(29884.9 0 0 0 29884.9 0 0 0 29884.9)
(32558.7 0 0 0 32558.7 0 0 0 32558.7)
(35266.3 0 0 0 35266.3 0 0 0 35266.3)
(37997.8 0 0 0 37997.8 0 0 0 37997.8)
(40745.3 0 0 0 40745.3 0 0 0 40745.3)
(43502.3 0 0 0 43502.3 0 0 0 43502.3)
(46263.4 0 0 0 46263.4 0 0 0 46263.4)
(49023.4 0 0 0 49023.4 0 0 0 49023.4)
(51778.2 0 0 0 51778.2 0 0 0 51778.2)
(54523.6 0 0 0 54523.6 0 0 0 54523.6)
(57256.3 0 0 0 57256.3 0 0 0 57256.3)
(59972.9 0 0 0 59972.9 0 0 0 59972.9)
(62670.5 0 0 0 62670.5 0 0 0 62670.5)
(65346.6 0 0 0 65346.6 0 0 0 65346.6)
(67989.5 0 0 0 67989.5 0 0 0 67989.5)
(70591.8 0 0 0 70591.8 0 0 0 70591.8)
(73153.8 0 0 0 73153.8 0 0 0 73153.8)
(75676.1 0 0 0 75676.1 0 0 0 75676.1)
(78159.1 0 0 0 78159.1 0 0 0 78159.1)
(81017.2 0 0 0 81017.2 0 0 0 81017.2)
(85356 0 0 0 85356 0 0 0 85356)
(89678.6 0 0 0 89678.6 0 0 0 89678.6)
(94000.8 0 0 0 94000.8 0 0 0 94000.8)
(98341.2 0 0 0 98341.2 0 0 0 98341.2)
(102706 0 0 0 102706 0 0 0 102706)
(107099 0 0 0 107099 0 0 0 107099)
(111520 0 0 0 111520 0 0 0 111520)
(115968 0 0 0 115968 0 0 0 115968)
(120443 0 0 0 120443 0 0 0 120443)
(124941 0 0 0 124941 0 0 0 124941)
(129462 0 0 0 129462 0 0 0 129462)
(134003 0 0 0 134003 0 0 0 134003)
(138562 0 0 0 138562 0 0 0 138562)
(143136 0 0 0 143136 0 0 0 143136)
(147724 0 0 0 147724 0 0 0 147724)
(152324 0 0 0 152324 0 0 0 152324)
(156932 0 0 0 156932 0 0 0 156932)
(161548 0 0 0 161548 0 0 0 161548)
(166169 0 0 0 166169 0 0 0 166169)
(170792 0 0 0 170792 0 0 0 170792)
(175417 0 0 0 175417 0 0 0 175417)
(180036 0 0 0 180036 0 0 0 180036)
(184672 0 0 0 184672 0 0 0 184672)
(189231 0 0 0 189231 0 0 0 189231)
(194021 0 0 0 194021 0 0 0 194021)
(198020 0 0 0 198020 0 0 0 198020)
(204594 0 0 0 204594 0 0 0 204594)
)
;

boundaryField
{
    inlet
    {
        type            zeroGradient;
    }
    outlet
    {
        type            zeroGradient;
    }
    fixedWalls
    {
        type            zeroGradient;
    }
}


// ************************************************************************* //
