/*--------------------------------*- C++ -*----------------------------------*\
| =========                 |                                                 |
| \\      /  F ield         | OpenFOAM: The Open Source CFD Toolbox           |
|  \\    /   O peration     | Version:  2406                                  |
|   \\  /    A nd           | Website:  www.openfoam.com                      |
|    \\/     M anipulation  |                                                 |
\*---------------------------------------------------------------------------*/
FoamFile
{
    version     2.0;
    format      ascii;
    arch        "LSB;label=32;scalar=64";
    class       volScalarField;
    location    "0.6/fluidRegion";
    object      p_rgh;
}
// * * * * * * * * * * * * * * * * * * * * * * * * * * * * * * * * * * * * * //

dimensions      [1 -1 -2 0 0 0 0];

internalField   nonuniform List<scalar> 
75
(
1.50328e+07
1.50326e+07
1.50323e+07
1.50321e+07
1.50319e+07
1.50316e+07
1.50313e+07
1.5031e+07
1.50306e+07
1.50303e+07
1.503e+07
1.50296e+07
1.50292e+07
1.50288e+07
1.50283e+07
1.50277e+07
1.5027e+07
1.50263e+07
1.50255e+07
1.50247e+07
1.50237e+07
1.50227e+07
1.50215e+07
1.50203e+07
1.50189e+07
1.50174e+07
1.50157e+07
1.50139e+07
1.50119e+07
1.50098e+07
1.50075e+07
1.5005e+07
1.50024e+07
1.49997e+07
1.49968e+07
1.49938e+07
1.49906e+07
1.49873e+07
1.49838e+07
1.49802e+07
1.49764e+07
1.49725e+07
1.49684e+07
1.49642e+07
1.49599e+07
1.49554e+07
1.49507e+07
1.4946e+07
1.4941e+07
1.49358e+07
1.49304e+07
1.49248e+07
1.49189e+07
1.49128e+07
1.49065e+07
1.48999e+07
1.4893e+07
1.48859e+07
1.48786e+07
1.4871e+07
1.48631e+07
1.4855e+07
1.48466e+07
1.4838e+07
1.48291e+07
1.482e+07
1.48106e+07
1.48009e+07
1.4791e+07
1.47808e+07
1.47703e+07
1.47596e+07
1.47486e+07
1.47373e+07
1.47258e+07
)
;

boundaryField
{
    inlet
    {
        type            fixedFluxPressure;
        gradient        uniform 11681.6;
        value           uniform 1.50329e+07;
    }
    outlet
    {
        type            fixedValue;
        value           uniform 1.47198e+07;
    }
    fixedWalls
    {
        type            fixedFluxPressure;
        gradient        nonuniform List<scalar> 
300
(
0
0
0
0
0
0
0
0
0
0
0
0
0
0
1.68853e-16
-6.8508e-18
-1.3849e-16
0
0
0
0
2.75311e-16
-1.28885e-17
-2.37706e-16
0
0
0
0
0
0
0
0
0
0
0
0
0
0
0
0
0
0
0
0
0
-6.74623e-16
1.27624e-19
6.56864e-16
0
0
0
0
-1.32055e-15
3.82706e-17
1.30143e-15
0
0
0
0
0
-1.3277e-15
3.64073e-17
1.31434e-15
0
0
0
0
-1.3561e-15
3.52619e-17
1.34564e-15
0
0
0
0
0
0
0
0
0
0
0
0
0
0
0
0
0
0
0
-1.68853e-16
6.8508e-18
1.3849e-16
0
0
0
0
-2.75311e-16
1.28885e-17
2.37706e-16
0
0
0
0
0
0
0
0
0
0
0
0
0
0
0
0
0
0
0
0
0
6.74623e-16
-1.27624e-19
-6.56864e-16
0
0
0
0
1.32055e-15
-3.82706e-17
-1.30143e-15
0
0
0
0
0
1.3277e-15
-3.64073e-17
-1.31434e-15
0
0
0
0
1.3561e-15
-3.52619e-17
-1.34564e-15
0
0
0
0
0
0
0
0
0
0
0
0
0
0
0
0
0
0
0
1.68853e-16
-6.8508e-18
-1.3849e-16
0
0
0
0
2.75311e-16
-1.28885e-17
-2.37706e-16
0
0
0
0
0
0
0
0
0
0
0
0
0
0
0
0
0
0
0
0
0
-6.74623e-16
1.27624e-19
6.56864e-16
0
0
0
0
-1.32055e-15
3.82706e-17
1.30143e-15
0
0
0
0
0
-1.3277e-15
3.64073e-17
1.31434e-15
0
0
0
0
-1.3561e-15
3.52619e-17
1.34564e-15
0
0
0
0
0
0
0
0
0
0
0
0
0
0
0
0
0
0
0
-1.68853e-16
6.8508e-18
1.3849e-16
0
0
0
0
-2.75311e-16
1.28885e-17
2.37706e-16
0
0
0
0
0
0
0
0
0
0
0
0
0
0
0
0
0
0
0
0
0
6.74623e-16
-1.27624e-19
-6.56864e-16
0
0
0
0
1.32055e-15
-3.82706e-17
-1.30143e-15
0
0
0
0
0
1.3277e-15
-3.64073e-17
-1.31434e-15
0
0
0
0
1.3561e-15
-3.52619e-17
-1.34564e-15
0
0
0
0
0
)
;
        value           nonuniform List<scalar> 
300
(
1.50328e+07
1.50326e+07
1.50323e+07
1.50321e+07
1.50319e+07
1.50316e+07
1.50313e+07
1.5031e+07
1.50306e+07
1.50303e+07
1.503e+07
1.50296e+07
1.50292e+07
1.50288e+07
1.50283e+07
1.50277e+07
1.5027e+07
1.50263e+07
1.50255e+07
1.50247e+07
1.50237e+07
1.50227e+07
1.50215e+07
1.50203e+07
1.50189e+07
1.50174e+07
1.50157e+07
1.50139e+07
1.50119e+07
1.50098e+07
1.50075e+07
1.5005e+07
1.50024e+07
1.49997e+07
1.49968e+07
1.49938e+07
1.49906e+07
1.49873e+07
1.49838e+07
1.49802e+07
1.49764e+07
1.49725e+07
1.49684e+07
1.49642e+07
1.49599e+07
1.49554e+07
1.49507e+07
1.4946e+07
1.4941e+07
1.49358e+07
1.49304e+07
1.49248e+07
1.49189e+07
1.49128e+07
1.49065e+07
1.48999e+07
1.4893e+07
1.48859e+07
1.48786e+07
1.4871e+07
1.48631e+07
1.4855e+07
1.48466e+07
1.4838e+07
1.48291e+07
1.482e+07
1.48106e+07
1.48009e+07
1.4791e+07
1.47808e+07
1.47703e+07
1.47596e+07
1.47486e+07
1.47373e+07
1.47258e+07
1.50328e+07
1.50326e+07
1.50323e+07
1.50321e+07
1.50319e+07
1.50316e+07
1.50313e+07
1.5031e+07
1.50306e+07
1.50303e+07
1.503e+07
1.50296e+07
1.50292e+07
1.50288e+07
1.50283e+07
1.50277e+07
1.5027e+07
1.50263e+07
1.50255e+07
1.50247e+07
1.50237e+07
1.50227e+07
1.50215e+07
1.50203e+07
1.50189e+07
1.50174e+07
1.50157e+07
1.50139e+07
1.50119e+07
1.50098e+07
1.50075e+07
1.5005e+07
1.50024e+07
1.49997e+07
1.49968e+07
1.49938e+07
1.49906e+07
1.49873e+07
1.49838e+07
1.49802e+07
1.49764e+07
1.49725e+07
1.49684e+07
1.49642e+07
1.49599e+07
1.49554e+07
1.49507e+07
1.4946e+07
1.4941e+07
1.49358e+07
1.49304e+07
1.49248e+07
1.49189e+07
1.49128e+07
1.49065e+07
1.48999e+07
1.4893e+07
1.48859e+07
1.48786e+07
1.4871e+07
1.48631e+07
1.4855e+07
1.48466e+07
1.4838e+07
1.48291e+07
1.482e+07
1.48106e+07
1.48009e+07
1.4791e+07
1.47808e+07
1.47703e+07
1.47596e+07
1.47486e+07
1.47373e+07
1.47258e+07
1.50328e+07
1.50326e+07
1.50323e+07
1.50321e+07
1.50319e+07
1.50316e+07
1.50313e+07
1.5031e+07
1.50306e+07
1.50303e+07
1.503e+07
1.50296e+07
1.50292e+07
1.50288e+07
1.50283e+07
1.50277e+07
1.5027e+07
1.50263e+07
1.50255e+07
1.50247e+07
1.50237e+07
1.50227e+07
1.50215e+07
1.50203e+07
1.50189e+07
1.50174e+07
1.50157e+07
1.50139e+07
1.50119e+07
1.50098e+07
1.50075e+07
1.5005e+07
1.50024e+07
1.49997e+07
1.49968e+07
1.49938e+07
1.49906e+07
1.49873e+07
1.49838e+07
1.49802e+07
1.49764e+07
1.49725e+07
1.49684e+07
1.49642e+07
1.49599e+07
1.49554e+07
1.49507e+07
1.4946e+07
1.4941e+07
1.49358e+07
1.49304e+07
1.49248e+07
1.49189e+07
1.49128e+07
1.49065e+07
1.48999e+07
1.4893e+07
1.48859e+07
1.48786e+07
1.4871e+07
1.48631e+07
1.4855e+07
1.48466e+07
1.4838e+07
1.48291e+07
1.482e+07
1.48106e+07
1.48009e+07
1.4791e+07
1.47808e+07
1.47703e+07
1.47596e+07
1.47486e+07
1.47373e+07
1.47258e+07
1.50328e+07
1.50326e+07
1.50323e+07
1.50321e+07
1.50319e+07
1.50316e+07
1.50313e+07
1.5031e+07
1.50306e+07
1.50303e+07
1.503e+07
1.50296e+07
1.50292e+07
1.50288e+07
1.50283e+07
1.50277e+07
1.5027e+07
1.50263e+07
1.50255e+07
1.50247e+07
1.50237e+07
1.50227e+07
1.50215e+07
1.50203e+07
1.50189e+07
1.50174e+07
1.50157e+07
1.50139e+07
1.50119e+07
1.50098e+07
1.50075e+07
1.5005e+07
1.50024e+07
1.49997e+07
1.49968e+07
1.49938e+07
1.49906e+07
1.49873e+07
1.49838e+07
1.49802e+07
1.49764e+07
1.49725e+07
1.49684e+07
1.49642e+07
1.49599e+07
1.49554e+07
1.49507e+07
1.4946e+07
1.4941e+07
1.49358e+07
1.49304e+07
1.49248e+07
1.49189e+07
1.49128e+07
1.49065e+07
1.48999e+07
1.4893e+07
1.48859e+07
1.48786e+07
1.4871e+07
1.48631e+07
1.4855e+07
1.48466e+07
1.4838e+07
1.48291e+07
1.482e+07
1.48106e+07
1.48009e+07
1.4791e+07
1.47808e+07
1.47703e+07
1.47596e+07
1.47486e+07
1.47373e+07
1.47258e+07
)
;
    }
}


// ************************************************************************* //
