/*--------------------------------*- C++ -*----------------------------------*\
| =========                 |                                                 |
| \\      /  F ield         | OpenFOAM: The Open Source CFD Toolbox           |
|  \\    /   O peration     | Version:  2406                                  |
|   \\  /    A nd           | Website:  www.openfoam.com                      |
|    \\/     M anipulation  |                                                 |
\*---------------------------------------------------------------------------*/
FoamFile
{
    version     2.0;
    format      ascii;
    arch        "LSB;label=32;scalar=64";
    class       volScalarField;
    location    "0.6/fluidRegion";
    object      p_rgh;
}
// * * * * * * * * * * * * * * * * * * * * * * * * * * * * * * * * * * * * * //

dimensions      [1 -1 -2 0 0 0 0];

internalField   nonuniform List<scalar> 
70
(
1.49258e+07
1.49255e+07
1.49252e+07
1.49249e+07
1.49246e+07
1.49243e+07
1.49239e+07
1.49236e+07
1.49234e+07
1.49231e+07
1.49228e+07
1.49225e+07
1.49221e+07
1.49217e+07
1.49213e+07
1.49208e+07
1.49202e+07
1.49195e+07
1.49188e+07
1.4918e+07
1.49171e+07
1.49161e+07
1.49151e+07
1.49139e+07
1.49127e+07
1.49113e+07
1.49099e+07
1.49083e+07
1.49065e+07
1.49047e+07
1.49027e+07
1.49006e+07
1.48984e+07
1.4896e+07
1.48935e+07
1.48909e+07
1.48882e+07
1.48853e+07
1.48824e+07
1.48793e+07
1.48761e+07
1.48727e+07
1.48693e+07
1.48657e+07
1.4862e+07
1.48583e+07
1.48543e+07
1.48503e+07
1.48462e+07
1.4842e+07
1.48376e+07
1.48331e+07
1.48286e+07
1.48239e+07
1.4819e+07
1.4814e+07
1.48088e+07
1.48034e+07
1.47979e+07
1.47921e+07
1.47861e+07
1.478e+07
1.47737e+07
1.47671e+07
1.47604e+07
1.47535e+07
1.47464e+07
1.47391e+07
1.47315e+07
1.47238e+07
)
;

boundaryField
{
    inlet
    {
        type            fixedFluxPressure;
        gradient        uniform 11643.9;
        value           uniform 1.49259e+07;
    }
    outlet
    {
        type            fixedValue;
        value           uniform 1.47198e+07;
    }
    fixedWalls
    {
        type            fixedFluxPressure;
        gradient        nonuniform List<scalar> 
280
(
-2.22944e-16
-2.19705e-16
1.07963e-16
-5.39815e-19
-1.07963e-16
0
0
0
0
0
0
0
0
0
0
0
0
0
0
0
0
0
0
0
0
0
0
0
0
0
0
0
0
0
0
0
0
0
0
0
0
0
0
0
0
0
0
0
0
0
0
0
0
0
0
0
0
0
0
0
0
0
0
0
0
0
0
0
0
0
2.22944e-16
2.19705e-16
-1.07963e-16
5.39815e-19
1.07963e-16
0
0
0
0
0
0
0
0
0
0
0
0
0
0
0
0
0
0
0
0
0
0
0
0
0
0
0
0
0
0
0
0
0
0
0
0
0
0
0
0
0
0
0
0
0
0
0
0
0
0
0
0
0
0
0
0
0
0
0
0
0
0
0
0
0
-2.22944e-16
-2.19705e-16
1.07963e-16
-5.39815e-19
-1.07963e-16
0
0
0
0
0
0
0
0
0
0
0
0
0
0
0
0
0
0
0
0
0
0
0
0
0
0
0
0
0
0
0
0
0
0
0
0
0
0
0
0
0
0
0
0
0
0
0
0
0
0
0
0
0
0
0
0
0
0
0
0
0
0
0
0
0
2.22944e-16
2.19705e-16
-1.07963e-16
5.39815e-19
1.07963e-16
0
0
0
0
0
0
0
0
0
0
0
0
0
0
0
0
0
0
0
0
0
0
0
0
0
0
0
0
0
0
0
0
0
0
0
0
0
0
0
0
0
0
0
0
0
0
0
0
0
0
0
0
0
0
0
0
0
0
0
0
0
0
0
0
0
)
;
        value           nonuniform List<scalar> 
280
(
1.49258e+07
1.49255e+07
1.49252e+07
1.49249e+07
1.49246e+07
1.49243e+07
1.49239e+07
1.49236e+07
1.49234e+07
1.49231e+07
1.49228e+07
1.49225e+07
1.49221e+07
1.49217e+07
1.49213e+07
1.49208e+07
1.49202e+07
1.49195e+07
1.49188e+07
1.4918e+07
1.49171e+07
1.49161e+07
1.49151e+07
1.49139e+07
1.49127e+07
1.49113e+07
1.49099e+07
1.49083e+07
1.49065e+07
1.49047e+07
1.49027e+07
1.49006e+07
1.48984e+07
1.4896e+07
1.48935e+07
1.48909e+07
1.48882e+07
1.48853e+07
1.48824e+07
1.48793e+07
1.48761e+07
1.48727e+07
1.48693e+07
1.48657e+07
1.4862e+07
1.48583e+07
1.48543e+07
1.48503e+07
1.48462e+07
1.4842e+07
1.48376e+07
1.48331e+07
1.48286e+07
1.48239e+07
1.4819e+07
1.4814e+07
1.48088e+07
1.48034e+07
1.47979e+07
1.47921e+07
1.47861e+07
1.478e+07
1.47737e+07
1.47671e+07
1.47604e+07
1.47535e+07
1.47464e+07
1.47391e+07
1.47315e+07
1.47238e+07
1.49258e+07
1.49255e+07
1.49252e+07
1.49249e+07
1.49246e+07
1.49243e+07
1.49239e+07
1.49236e+07
1.49234e+07
1.49231e+07
1.49228e+07
1.49225e+07
1.49221e+07
1.49217e+07
1.49213e+07
1.49208e+07
1.49202e+07
1.49195e+07
1.49188e+07
1.4918e+07
1.49171e+07
1.49161e+07
1.49151e+07
1.49139e+07
1.49127e+07
1.49113e+07
1.49099e+07
1.49083e+07
1.49065e+07
1.49047e+07
1.49027e+07
1.49006e+07
1.48984e+07
1.4896e+07
1.48935e+07
1.48909e+07
1.48882e+07
1.48853e+07
1.48824e+07
1.48793e+07
1.48761e+07
1.48727e+07
1.48693e+07
1.48657e+07
1.4862e+07
1.48583e+07
1.48543e+07
1.48503e+07
1.48462e+07
1.4842e+07
1.48376e+07
1.48331e+07
1.48286e+07
1.48239e+07
1.4819e+07
1.4814e+07
1.48088e+07
1.48034e+07
1.47979e+07
1.47921e+07
1.47861e+07
1.478e+07
1.47737e+07
1.47671e+07
1.47604e+07
1.47535e+07
1.47464e+07
1.47391e+07
1.47315e+07
1.47238e+07
1.49258e+07
1.49255e+07
1.49252e+07
1.49249e+07
1.49246e+07
1.49243e+07
1.49239e+07
1.49236e+07
1.49234e+07
1.49231e+07
1.49228e+07
1.49225e+07
1.49221e+07
1.49217e+07
1.49213e+07
1.49208e+07
1.49202e+07
1.49195e+07
1.49188e+07
1.4918e+07
1.49171e+07
1.49161e+07
1.49151e+07
1.49139e+07
1.49127e+07
1.49113e+07
1.49099e+07
1.49083e+07
1.49065e+07
1.49047e+07
1.49027e+07
1.49006e+07
1.48984e+07
1.4896e+07
1.48935e+07
1.48909e+07
1.48882e+07
1.48853e+07
1.48824e+07
1.48793e+07
1.48761e+07
1.48727e+07
1.48693e+07
1.48657e+07
1.4862e+07
1.48583e+07
1.48543e+07
1.48503e+07
1.48462e+07
1.4842e+07
1.48376e+07
1.48331e+07
1.48286e+07
1.48239e+07
1.4819e+07
1.4814e+07
1.48088e+07
1.48034e+07
1.47979e+07
1.47921e+07
1.47861e+07
1.478e+07
1.47737e+07
1.47671e+07
1.47604e+07
1.47535e+07
1.47464e+07
1.47391e+07
1.47315e+07
1.47238e+07
1.49258e+07
1.49255e+07
1.49252e+07
1.49249e+07
1.49246e+07
1.49243e+07
1.49239e+07
1.49236e+07
1.49234e+07
1.49231e+07
1.49228e+07
1.49225e+07
1.49221e+07
1.49217e+07
1.49213e+07
1.49208e+07
1.49202e+07
1.49195e+07
1.49188e+07
1.4918e+07
1.49171e+07
1.49161e+07
1.49151e+07
1.49139e+07
1.49127e+07
1.49113e+07
1.49099e+07
1.49083e+07
1.49065e+07
1.49047e+07
1.49027e+07
1.49006e+07
1.48984e+07
1.4896e+07
1.48935e+07
1.48909e+07
1.48882e+07
1.48853e+07
1.48824e+07
1.48793e+07
1.48761e+07
1.48727e+07
1.48693e+07
1.48657e+07
1.4862e+07
1.48583e+07
1.48543e+07
1.48503e+07
1.48462e+07
1.4842e+07
1.48376e+07
1.48331e+07
1.48286e+07
1.48239e+07
1.4819e+07
1.4814e+07
1.48088e+07
1.48034e+07
1.47979e+07
1.47921e+07
1.47861e+07
1.478e+07
1.47737e+07
1.47671e+07
1.47604e+07
1.47535e+07
1.47464e+07
1.47391e+07
1.47315e+07
1.47238e+07
)
;
    }
}


// ************************************************************************* //
