/*--------------------------------*- C++ -*----------------------------------*\
| =========                 |                                                 |
| \\      /  F ield         | OpenFOAM: The Open Source CFD Toolbox           |
|  \\    /   O peration     | Version:  2406                                  |
|   \\  /    A nd           | Website:  www.openfoam.com                      |
|    \\/     M anipulation  |                                                 |
\*---------------------------------------------------------------------------*/
FoamFile
{
    version     2.0;
    format      ascii;
    arch        "LSB;label=32;scalar=64";
    class       volScalarField;
    location    "0.6/fluidRegion";
    object      p_rgh;
}
// * * * * * * * * * * * * * * * * * * * * * * * * * * * * * * * * * * * * * //

dimensions      [1 -1 -2 0 0 0 0];

internalField   nonuniform List<scalar> 
70
(
1.50316e+07
1.50313e+07
1.5031e+07
1.50306e+07
1.50303e+07
1.50299e+07
1.50296e+07
1.50292e+07
1.50288e+07
1.50282e+07
1.50277e+07
1.5027e+07
1.50263e+07
1.50255e+07
1.50247e+07
1.50237e+07
1.50227e+07
1.50215e+07
1.50203e+07
1.50189e+07
1.50174e+07
1.50157e+07
1.50139e+07
1.50119e+07
1.50097e+07
1.50075e+07
1.5005e+07
1.50024e+07
1.49997e+07
1.49968e+07
1.49938e+07
1.49906e+07
1.49873e+07
1.49838e+07
1.49802e+07
1.49764e+07
1.49725e+07
1.49684e+07
1.49642e+07
1.49598e+07
1.49554e+07
1.49507e+07
1.4946e+07
1.4941e+07
1.49358e+07
1.49304e+07
1.49248e+07
1.49189e+07
1.49128e+07
1.49064e+07
1.48998e+07
1.4893e+07
1.48859e+07
1.48786e+07
1.4871e+07
1.48631e+07
1.4855e+07
1.48466e+07
1.4838e+07
1.48291e+07
1.482e+07
1.48106e+07
1.48009e+07
1.47909e+07
1.47807e+07
1.47703e+07
1.47596e+07
1.47486e+07
1.47373e+07
1.47258e+07
)
;

boundaryField
{
    inlet
    {
        type            fixedFluxPressure;
        gradient        uniform 11639.4;
        value           uniform 1.50317e+07;
    }
    outlet
    {
        type            fixedValue;
        value           uniform 1.47198e+07;
    }
    fixedWalls
    {
        type            fixedFluxPressure;
        gradient        nonuniform List<scalar> 
280
(
-1.11742e-16
-1.09582e-16
1.07423e-16
-5.39815e-19
-1.07423e-16
0
0
0
0
0
0
0
0
0
0
0
0
0
0
0
0
0
0
0
0
0
0
0
0
0
0
0
0
0
0
0
0
0
0
0
0
0
0
0
0
0
0
0
0
0
0
0
0
0
0
0
0
0
0
0
0
0
0
0
0
0
0
0
0
0
1.11742e-16
1.09582e-16
-1.07423e-16
5.39815e-19
1.07423e-16
0
0
0
0
0
0
0
0
0
0
0
0
0
0
0
0
0
0
0
0
0
0
0
0
0
0
0
0
0
0
0
0
0
0
0
0
0
0
0
0
0
0
0
0
0
0
0
0
0
0
0
0
0
0
0
0
0
0
0
0
0
0
0
0
0
-1.11742e-16
-1.09582e-16
1.07423e-16
-5.39815e-19
-1.07423e-16
0
0
0
0
0
0
0
0
0
0
0
0
0
0
0
0
0
0
0
0
0
0
0
0
0
0
0
0
0
0
0
0
0
0
0
0
0
0
0
0
0
0
0
0
0
0
0
0
0
0
0
0
0
0
0
0
0
0
0
0
0
0
0
0
0
1.11742e-16
1.09582e-16
-1.07423e-16
5.39815e-19
1.07423e-16
0
0
0
0
0
0
0
0
0
0
0
0
0
0
0
0
0
0
0
0
0
0
0
0
0
0
0
0
0
0
0
0
0
0
0
0
0
0
0
0
0
0
0
0
0
0
0
0
0
0
0
0
0
0
0
0
0
0
0
0
0
0
0
0
0
)
;
        value           nonuniform List<scalar> 
280
(
1.50316e+07
1.50313e+07
1.5031e+07
1.50306e+07
1.50303e+07
1.50299e+07
1.50296e+07
1.50292e+07
1.50288e+07
1.50282e+07
1.50277e+07
1.5027e+07
1.50263e+07
1.50255e+07
1.50247e+07
1.50237e+07
1.50227e+07
1.50215e+07
1.50203e+07
1.50189e+07
1.50174e+07
1.50157e+07
1.50139e+07
1.50119e+07
1.50097e+07
1.50075e+07
1.5005e+07
1.50024e+07
1.49997e+07
1.49968e+07
1.49938e+07
1.49906e+07
1.49873e+07
1.49838e+07
1.49802e+07
1.49764e+07
1.49725e+07
1.49684e+07
1.49642e+07
1.49598e+07
1.49554e+07
1.49507e+07
1.4946e+07
1.4941e+07
1.49358e+07
1.49304e+07
1.49248e+07
1.49189e+07
1.49128e+07
1.49064e+07
1.48998e+07
1.4893e+07
1.48859e+07
1.48786e+07
1.4871e+07
1.48631e+07
1.4855e+07
1.48466e+07
1.4838e+07
1.48291e+07
1.482e+07
1.48106e+07
1.48009e+07
1.47909e+07
1.47807e+07
1.47703e+07
1.47596e+07
1.47486e+07
1.47373e+07
1.47258e+07
1.50316e+07
1.50313e+07
1.5031e+07
1.50306e+07
1.50303e+07
1.50299e+07
1.50296e+07
1.50292e+07
1.50288e+07
1.50282e+07
1.50277e+07
1.5027e+07
1.50263e+07
1.50255e+07
1.50247e+07
1.50237e+07
1.50227e+07
1.50215e+07
1.50203e+07
1.50189e+07
1.50174e+07
1.50157e+07
1.50139e+07
1.50119e+07
1.50097e+07
1.50075e+07
1.5005e+07
1.50024e+07
1.49997e+07
1.49968e+07
1.49938e+07
1.49906e+07
1.49873e+07
1.49838e+07
1.49802e+07
1.49764e+07
1.49725e+07
1.49684e+07
1.49642e+07
1.49598e+07
1.49554e+07
1.49507e+07
1.4946e+07
1.4941e+07
1.49358e+07
1.49304e+07
1.49248e+07
1.49189e+07
1.49128e+07
1.49064e+07
1.48998e+07
1.4893e+07
1.48859e+07
1.48786e+07
1.4871e+07
1.48631e+07
1.4855e+07
1.48466e+07
1.4838e+07
1.48291e+07
1.482e+07
1.48106e+07
1.48009e+07
1.47909e+07
1.47807e+07
1.47703e+07
1.47596e+07
1.47486e+07
1.47373e+07
1.47258e+07
1.50316e+07
1.50313e+07
1.5031e+07
1.50306e+07
1.50303e+07
1.50299e+07
1.50296e+07
1.50292e+07
1.50288e+07
1.50282e+07
1.50277e+07
1.5027e+07
1.50263e+07
1.50255e+07
1.50247e+07
1.50237e+07
1.50227e+07
1.50215e+07
1.50203e+07
1.50189e+07
1.50174e+07
1.50157e+07
1.50139e+07
1.50119e+07
1.50097e+07
1.50075e+07
1.5005e+07
1.50024e+07
1.49997e+07
1.49968e+07
1.49938e+07
1.49906e+07
1.49873e+07
1.49838e+07
1.49802e+07
1.49764e+07
1.49725e+07
1.49684e+07
1.49642e+07
1.49598e+07
1.49554e+07
1.49507e+07
1.4946e+07
1.4941e+07
1.49358e+07
1.49304e+07
1.49248e+07
1.49189e+07
1.49128e+07
1.49064e+07
1.48998e+07
1.4893e+07
1.48859e+07
1.48786e+07
1.4871e+07
1.48631e+07
1.4855e+07
1.48466e+07
1.4838e+07
1.48291e+07
1.482e+07
1.48106e+07
1.48009e+07
1.47909e+07
1.47807e+07
1.47703e+07
1.47596e+07
1.47486e+07
1.47373e+07
1.47258e+07
1.50316e+07
1.50313e+07
1.5031e+07
1.50306e+07
1.50303e+07
1.50299e+07
1.50296e+07
1.50292e+07
1.50288e+07
1.50282e+07
1.50277e+07
1.5027e+07
1.50263e+07
1.50255e+07
1.50247e+07
1.50237e+07
1.50227e+07
1.50215e+07
1.50203e+07
1.50189e+07
1.50174e+07
1.50157e+07
1.50139e+07
1.50119e+07
1.50097e+07
1.50075e+07
1.5005e+07
1.50024e+07
1.49997e+07
1.49968e+07
1.49938e+07
1.49906e+07
1.49873e+07
1.49838e+07
1.49802e+07
1.49764e+07
1.49725e+07
1.49684e+07
1.49642e+07
1.49598e+07
1.49554e+07
1.49507e+07
1.4946e+07
1.4941e+07
1.49358e+07
1.49304e+07
1.49248e+07
1.49189e+07
1.49128e+07
1.49064e+07
1.48998e+07
1.4893e+07
1.48859e+07
1.48786e+07
1.4871e+07
1.48631e+07
1.4855e+07
1.48466e+07
1.4838e+07
1.48291e+07
1.482e+07
1.48106e+07
1.48009e+07
1.47909e+07
1.47807e+07
1.47703e+07
1.47596e+07
1.47486e+07
1.47373e+07
1.47258e+07
)
;
    }
}


// ************************************************************************* //
