/*--------------------------------*- C++ -*----------------------------------*\
| =========                 |                                                 |
| \\      /  F ield         | OpenFOAM: The Open Source CFD Toolbox           |
|  \\    /   O peration     | Version:  2406                                  |
|   \\  /    A nd           | Website:  www.openfoam.com                      |
|    \\/     M anipulation  |                                                 |
\*---------------------------------------------------------------------------*/
FoamFile
{
    version     2.0;
    format      ascii;
    arch        "LSB;label=32;scalar=64";
    class       volScalarField;
    location    "30/fluidRegion";
    object      p_rgh;
}
// * * * * * * * * * * * * * * * * * * * * * * * * * * * * * * * * * * * * * //

dimensions      [1 -1 -2 0 0 0 0];

internalField   nonuniform List<scalar> 
70
(
7.21594e+06
7.21588e+06
7.2158e+06
7.2157e+06
7.2156e+06
7.21549e+06
7.21537e+06
7.21525e+06
7.21513e+06
7.215e+06
7.21486e+06
7.21473e+06
7.21459e+06
7.21444e+06
7.21429e+06
7.21414e+06
7.21398e+06
7.21382e+06
7.21366e+06
7.21349e+06
7.21332e+06
7.21314e+06
7.21296e+06
7.21278e+06
7.21259e+06
7.2124e+06
7.21221e+06
7.21201e+06
7.21181e+06
7.2116e+06
7.2114e+06
7.21118e+06
7.21097e+06
7.21074e+06
7.21052e+06
7.21029e+06
7.21006e+06
7.20982e+06
7.20959e+06
7.20934e+06
7.2091e+06
7.20884e+06
7.20859e+06
7.20833e+06
7.20807e+06
7.2078e+06
7.20753e+06
7.20726e+06
7.20698e+06
7.2067e+06
7.20642e+06
7.20613e+06
7.20584e+06
7.20554e+06
7.20524e+06
7.20494e+06
7.20463e+06
7.20432e+06
7.20401e+06
7.20369e+06
7.20336e+06
7.20303e+06
7.2027e+06
7.20236e+06
7.20201e+06
7.20166e+06
7.2013e+06
7.20094e+06
7.20057e+06
7.20019e+06
)
;

boundaryField
{
    inlet
    {
        type            fixedFluxPressure;
        gradient        uniform 2037.17;
        value           uniform 7.21596e+06;
    }
    outlet
    {
        type            fixedValue;
        value           uniform 7.2e+06;
    }
    fixedWalls
    {
        type            fixedFluxPressure;
        gradient        nonuniform List<scalar> 
280
(
0
0
0
0
0
0
0
0
0
0
0
0
0
0
0
0
0
0
0
0
0
0
0
0
0
0
0
0
0
0
0
0
0
0
0
0
0
0
0
0
0
0
0
0
0
0
0
0
0
0
0
0
0
0
0
3.93025e-16
-8.42047e-18
-3.89308e-16
0
0
0
0
0
0
0
0
0
0
0
0
0
0
0
0
0
0
0
0
0
0
0
0
0
0
0
0
0
0
0
0
0
0
0
0
0
0
0
0
0
0
0
0
0
0
0
0
0
0
0
0
0
0
0
0
0
0
0
0
0
0
0
0
0
0
0
-3.93025e-16
8.42047e-18
3.89308e-16
0
0
0
0
0
0
0
0
0
0
0
0
0
0
0
0
0
0
0
0
0
0
0
0
0
0
0
0
0
0
0
0
0
0
0
0
0
0
0
0
0
0
0
0
0
0
0
0
0
0
0
0
0
0
0
0
0
0
0
0
0
0
0
0
0
0
0
3.93025e-16
-8.42047e-18
-3.89308e-16
0
0
0
0
0
0
0
0
0
0
0
0
0
0
0
0
0
0
0
0
0
0
0
0
0
0
0
0
0
0
0
0
0
0
0
0
0
0
0
0
0
0
0
0
0
0
0
0
0
0
0
0
0
0
0
0
0
0
0
0
0
0
0
0
0
0
0
-3.93025e-16
8.42047e-18
3.89308e-16
0
0
0
0
0
0
0
0
0
0
0
0
)
;
        value           nonuniform List<scalar> 
280
(
7.21594e+06
7.21588e+06
7.2158e+06
7.2157e+06
7.2156e+06
7.21549e+06
7.21537e+06
7.21525e+06
7.21513e+06
7.215e+06
7.21486e+06
7.21473e+06
7.21459e+06
7.21444e+06
7.21429e+06
7.21414e+06
7.21398e+06
7.21382e+06
7.21366e+06
7.21349e+06
7.21332e+06
7.21314e+06
7.21296e+06
7.21278e+06
7.21259e+06
7.2124e+06
7.21221e+06
7.21201e+06
7.21181e+06
7.2116e+06
7.2114e+06
7.21118e+06
7.21097e+06
7.21074e+06
7.21052e+06
7.21029e+06
7.21006e+06
7.20982e+06
7.20959e+06
7.20934e+06
7.2091e+06
7.20884e+06
7.20859e+06
7.20833e+06
7.20807e+06
7.2078e+06
7.20753e+06
7.20726e+06
7.20698e+06
7.2067e+06
7.20642e+06
7.20613e+06
7.20584e+06
7.20554e+06
7.20524e+06
7.20494e+06
7.20463e+06
7.20432e+06
7.20401e+06
7.20369e+06
7.20336e+06
7.20303e+06
7.2027e+06
7.20236e+06
7.20201e+06
7.20166e+06
7.2013e+06
7.20094e+06
7.20057e+06
7.20019e+06
7.21594e+06
7.21588e+06
7.2158e+06
7.2157e+06
7.2156e+06
7.21549e+06
7.21537e+06
7.21525e+06
7.21513e+06
7.215e+06
7.21486e+06
7.21473e+06
7.21459e+06
7.21444e+06
7.21429e+06
7.21414e+06
7.21398e+06
7.21382e+06
7.21366e+06
7.21349e+06
7.21332e+06
7.21314e+06
7.21296e+06
7.21278e+06
7.21259e+06
7.2124e+06
7.21221e+06
7.21201e+06
7.21181e+06
7.2116e+06
7.2114e+06
7.21118e+06
7.21097e+06
7.21074e+06
7.21052e+06
7.21029e+06
7.21006e+06
7.20982e+06
7.20959e+06
7.20934e+06
7.2091e+06
7.20884e+06
7.20859e+06
7.20833e+06
7.20807e+06
7.2078e+06
7.20753e+06
7.20726e+06
7.20698e+06
7.2067e+06
7.20642e+06
7.20613e+06
7.20584e+06
7.20554e+06
7.20524e+06
7.20494e+06
7.20463e+06
7.20432e+06
7.20401e+06
7.20369e+06
7.20336e+06
7.20303e+06
7.2027e+06
7.20236e+06
7.20201e+06
7.20166e+06
7.2013e+06
7.20094e+06
7.20057e+06
7.20019e+06
7.21594e+06
7.21588e+06
7.2158e+06
7.2157e+06
7.2156e+06
7.21549e+06
7.21537e+06
7.21525e+06
7.21513e+06
7.215e+06
7.21486e+06
7.21473e+06
7.21459e+06
7.21444e+06
7.21429e+06
7.21414e+06
7.21398e+06
7.21382e+06
7.21366e+06
7.21349e+06
7.21332e+06
7.21314e+06
7.21296e+06
7.21278e+06
7.21259e+06
7.2124e+06
7.21221e+06
7.21201e+06
7.21181e+06
7.2116e+06
7.2114e+06
7.21118e+06
7.21097e+06
7.21074e+06
7.21052e+06
7.21029e+06
7.21006e+06
7.20982e+06
7.20959e+06
7.20934e+06
7.2091e+06
7.20884e+06
7.20859e+06
7.20833e+06
7.20807e+06
7.2078e+06
7.20753e+06
7.20726e+06
7.20698e+06
7.2067e+06
7.20642e+06
7.20613e+06
7.20584e+06
7.20554e+06
7.20524e+06
7.20494e+06
7.20463e+06
7.20432e+06
7.20401e+06
7.20369e+06
7.20336e+06
7.20303e+06
7.2027e+06
7.20236e+06
7.20201e+06
7.20166e+06
7.2013e+06
7.20094e+06
7.20057e+06
7.20019e+06
7.21594e+06
7.21588e+06
7.2158e+06
7.2157e+06
7.2156e+06
7.21549e+06
7.21537e+06
7.21525e+06
7.21513e+06
7.215e+06
7.21486e+06
7.21473e+06
7.21459e+06
7.21444e+06
7.21429e+06
7.21414e+06
7.21398e+06
7.21382e+06
7.21366e+06
7.21349e+06
7.21332e+06
7.21314e+06
7.21296e+06
7.21278e+06
7.21259e+06
7.2124e+06
7.21221e+06
7.21201e+06
7.21181e+06
7.2116e+06
7.2114e+06
7.21118e+06
7.21097e+06
7.21074e+06
7.21052e+06
7.21029e+06
7.21006e+06
7.20982e+06
7.20959e+06
7.20934e+06
7.2091e+06
7.20884e+06
7.20859e+06
7.20833e+06
7.20807e+06
7.2078e+06
7.20753e+06
7.20726e+06
7.20698e+06
7.2067e+06
7.20642e+06
7.20613e+06
7.20584e+06
7.20554e+06
7.20524e+06
7.20494e+06
7.20463e+06
7.20432e+06
7.20401e+06
7.20369e+06
7.20336e+06
7.20303e+06
7.2027e+06
7.20236e+06
7.20201e+06
7.20166e+06
7.2013e+06
7.20094e+06
7.20057e+06
7.20019e+06
)
;
    }
}


// ************************************************************************* //
