/*--------------------------------*- C++ -*----------------------------------*\
| =========                 |                                                 |
| \\      /  F ield         | OpenFOAM: The Open Source CFD Toolbox           |
|  \\    /   O peration     | Version:  2406                                  |
|   \\  /    A nd           | Website:  www.openfoam.com                      |
|    \\/     M anipulation  |                                                 |
\*---------------------------------------------------------------------------*/
FoamFile
{
    version     2.0;
    format      ascii;
    arch        "LSB;label=32;scalar=64";
    class       volScalarField;
    location    "0.6/fluidRegion";
    object      p_rgh;
}
// * * * * * * * * * * * * * * * * * * * * * * * * * * * * * * * * * * * * * //

dimensions      [1 -1 -2 0 0 0 0];

internalField   nonuniform List<scalar> 
70
(
1.48814e+07
1.48811e+07
1.48807e+07
1.48804e+07
1.48801e+07
1.48798e+07
1.48795e+07
1.48791e+07
1.48788e+07
1.48785e+07
1.48781e+07
1.48778e+07
1.48774e+07
1.48771e+07
1.48767e+07
1.48763e+07
1.48759e+07
1.48754e+07
1.48749e+07
1.48743e+07
1.48736e+07
1.48729e+07
1.48722e+07
1.48713e+07
1.48704e+07
1.48695e+07
1.48684e+07
1.48673e+07
1.48661e+07
1.48647e+07
1.48633e+07
1.48618e+07
1.48601e+07
1.48584e+07
1.48565e+07
1.48545e+07
1.48524e+07
1.48502e+07
1.48479e+07
1.48454e+07
1.48429e+07
1.48403e+07
1.48375e+07
1.48346e+07
1.48317e+07
1.48286e+07
1.48254e+07
1.48222e+07
1.48188e+07
1.48153e+07
1.48117e+07
1.4808e+07
1.48042e+07
1.48004e+07
1.47964e+07
1.47923e+07
1.47881e+07
1.47839e+07
1.47795e+07
1.4775e+07
1.47705e+07
1.47658e+07
1.4761e+07
1.47561e+07
1.47509e+07
1.47456e+07
1.47402e+07
1.47346e+07
1.47288e+07
1.47229e+07
)
;

boundaryField
{
    inlet
    {
        type            fixedFluxPressure;
        gradient        uniform 11654.9;
        value           uniform 1.48815e+07;
    }
    outlet
    {
        type            fixedValue;
        value           uniform 1.47198e+07;
    }
    fixedWalls
    {
        type            fixedFluxPressure;
        gradient        nonuniform List<scalar> 
280
(
-1.11742e-16
-1.10122e-16
1.08503e-16
-5.39815e-19
-1.08503e-16
0
0
0
0
0
0
0
0
0
0
0
0
0
0
0
0
0
0
0
0
0
0
0
0
0
0
0
0
0
0
0
0
0
0
0
0
0
0
0
0
0
0
0
0
0
0
0
0
0
0
0
0
0
0
0
0
0
0
0
0
0
0
0
0
0
1.11742e-16
1.10122e-16
-1.08503e-16
5.39815e-19
1.08503e-16
0
0
0
0
0
0
0
0
0
0
0
0
0
0
0
0
0
0
0
0
0
0
0
0
0
0
0
0
0
0
0
0
0
0
0
0
0
0
0
0
0
0
0
0
0
0
0
0
0
0
0
0
0
0
0
0
0
0
0
0
0
0
0
0
0
-1.11742e-16
-1.10122e-16
1.08503e-16
-5.39815e-19
-1.08503e-16
0
0
0
0
0
0
0
0
0
0
0
0
0
0
0
0
0
0
0
0
0
0
0
0
0
0
0
0
0
0
0
0
0
0
0
0
0
0
0
0
0
0
0
0
0
0
0
0
0
0
0
0
0
0
0
0
0
0
0
0
0
0
0
0
0
1.11742e-16
1.10122e-16
-1.08503e-16
5.39815e-19
1.08503e-16
0
0
0
0
0
0
0
0
0
0
0
0
0
0
0
0
0
0
0
0
0
0
0
0
0
0
0
0
0
0
0
0
0
0
0
0
0
0
0
0
0
0
0
0
0
0
0
0
0
0
0
0
0
0
0
0
0
0
0
0
0
0
0
0
0
)
;
        value           nonuniform List<scalar> 
280
(
1.48814e+07
1.48811e+07
1.48807e+07
1.48804e+07
1.48801e+07
1.48798e+07
1.48795e+07
1.48791e+07
1.48788e+07
1.48785e+07
1.48781e+07
1.48778e+07
1.48774e+07
1.48771e+07
1.48767e+07
1.48763e+07
1.48759e+07
1.48754e+07
1.48749e+07
1.48743e+07
1.48736e+07
1.48729e+07
1.48722e+07
1.48713e+07
1.48704e+07
1.48695e+07
1.48684e+07
1.48673e+07
1.48661e+07
1.48647e+07
1.48633e+07
1.48618e+07
1.48601e+07
1.48584e+07
1.48565e+07
1.48545e+07
1.48524e+07
1.48502e+07
1.48479e+07
1.48454e+07
1.48429e+07
1.48403e+07
1.48375e+07
1.48346e+07
1.48317e+07
1.48286e+07
1.48254e+07
1.48222e+07
1.48188e+07
1.48153e+07
1.48117e+07
1.4808e+07
1.48042e+07
1.48004e+07
1.47964e+07
1.47923e+07
1.47881e+07
1.47839e+07
1.47795e+07
1.4775e+07
1.47705e+07
1.47658e+07
1.4761e+07
1.47561e+07
1.47509e+07
1.47456e+07
1.47402e+07
1.47346e+07
1.47288e+07
1.47229e+07
1.48814e+07
1.48811e+07
1.48807e+07
1.48804e+07
1.48801e+07
1.48798e+07
1.48795e+07
1.48791e+07
1.48788e+07
1.48785e+07
1.48781e+07
1.48778e+07
1.48774e+07
1.48771e+07
1.48767e+07
1.48763e+07
1.48759e+07
1.48754e+07
1.48749e+07
1.48743e+07
1.48736e+07
1.48729e+07
1.48722e+07
1.48713e+07
1.48704e+07
1.48695e+07
1.48684e+07
1.48673e+07
1.48661e+07
1.48647e+07
1.48633e+07
1.48618e+07
1.48601e+07
1.48584e+07
1.48565e+07
1.48545e+07
1.48524e+07
1.48502e+07
1.48479e+07
1.48454e+07
1.48429e+07
1.48403e+07
1.48375e+07
1.48346e+07
1.48317e+07
1.48286e+07
1.48254e+07
1.48222e+07
1.48188e+07
1.48153e+07
1.48117e+07
1.4808e+07
1.48042e+07
1.48004e+07
1.47964e+07
1.47923e+07
1.47881e+07
1.47839e+07
1.47795e+07
1.4775e+07
1.47705e+07
1.47658e+07
1.4761e+07
1.47561e+07
1.47509e+07
1.47456e+07
1.47402e+07
1.47346e+07
1.47288e+07
1.47229e+07
1.48814e+07
1.48811e+07
1.48807e+07
1.48804e+07
1.48801e+07
1.48798e+07
1.48795e+07
1.48791e+07
1.48788e+07
1.48785e+07
1.48781e+07
1.48778e+07
1.48774e+07
1.48771e+07
1.48767e+07
1.48763e+07
1.48759e+07
1.48754e+07
1.48749e+07
1.48743e+07
1.48736e+07
1.48729e+07
1.48722e+07
1.48713e+07
1.48704e+07
1.48695e+07
1.48684e+07
1.48673e+07
1.48661e+07
1.48647e+07
1.48633e+07
1.48618e+07
1.48601e+07
1.48584e+07
1.48565e+07
1.48545e+07
1.48524e+07
1.48502e+07
1.48479e+07
1.48454e+07
1.48429e+07
1.48403e+07
1.48375e+07
1.48346e+07
1.48317e+07
1.48286e+07
1.48254e+07
1.48222e+07
1.48188e+07
1.48153e+07
1.48117e+07
1.4808e+07
1.48042e+07
1.48004e+07
1.47964e+07
1.47923e+07
1.47881e+07
1.47839e+07
1.47795e+07
1.4775e+07
1.47705e+07
1.47658e+07
1.4761e+07
1.47561e+07
1.47509e+07
1.47456e+07
1.47402e+07
1.47346e+07
1.47288e+07
1.47229e+07
1.48814e+07
1.48811e+07
1.48807e+07
1.48804e+07
1.48801e+07
1.48798e+07
1.48795e+07
1.48791e+07
1.48788e+07
1.48785e+07
1.48781e+07
1.48778e+07
1.48774e+07
1.48771e+07
1.48767e+07
1.48763e+07
1.48759e+07
1.48754e+07
1.48749e+07
1.48743e+07
1.48736e+07
1.48729e+07
1.48722e+07
1.48713e+07
1.48704e+07
1.48695e+07
1.48684e+07
1.48673e+07
1.48661e+07
1.48647e+07
1.48633e+07
1.48618e+07
1.48601e+07
1.48584e+07
1.48565e+07
1.48545e+07
1.48524e+07
1.48502e+07
1.48479e+07
1.48454e+07
1.48429e+07
1.48403e+07
1.48375e+07
1.48346e+07
1.48317e+07
1.48286e+07
1.48254e+07
1.48222e+07
1.48188e+07
1.48153e+07
1.48117e+07
1.4808e+07
1.48042e+07
1.48004e+07
1.47964e+07
1.47923e+07
1.47881e+07
1.47839e+07
1.47795e+07
1.4775e+07
1.47705e+07
1.47658e+07
1.4761e+07
1.47561e+07
1.47509e+07
1.47456e+07
1.47402e+07
1.47346e+07
1.47288e+07
1.47229e+07
)
;
    }
}


// ************************************************************************* //
