/*--------------------------------*- C++ -*----------------------------------*\
| =========                 |                                                 |
| \\      /  F ield         | OpenFOAM: The Open Source CFD Toolbox           |
|  \\    /   O peration     | Version:  2406                                  |
|   \\  /    A nd           | Website:  www.openfoam.com                      |
|    \\/     M anipulation  |                                                 |
\*---------------------------------------------------------------------------*/
FoamFile
{
    version     2.0;
    format      ascii;
    arch        "LSB;label=32;scalar=64";
    class       volScalarField;
    location    "0.6/fluidRegion";
    object      p_rgh;
}
// * * * * * * * * * * * * * * * * * * * * * * * * * * * * * * * * * * * * * //

dimensions      [1 -1 -2 0 0 0 0];

internalField   nonuniform List<scalar> 
70
(
7.36546e+06
7.36524e+06
7.36502e+06
7.36478e+06
7.36438e+06
7.36375e+06
7.36292e+06
7.36193e+06
7.36084e+06
7.35969e+06
7.35846e+06
7.35709e+06
7.35554e+06
7.35385e+06
7.35207e+06
7.3502e+06
7.34825e+06
7.34623e+06
7.34414e+06
7.34197e+06
7.33975e+06
7.33745e+06
7.3351e+06
7.33269e+06
7.33023e+06
7.32773e+06
7.32518e+06
7.32259e+06
7.31995e+06
7.31728e+06
7.31457e+06
7.31182e+06
7.30903e+06
7.30621e+06
7.30336e+06
7.30047e+06
7.29756e+06
7.29461e+06
7.29164e+06
7.28864e+06
7.28562e+06
7.28257e+06
7.27949e+06
7.2764e+06
7.27328e+06
7.27014e+06
7.26699e+06
7.26381e+06
7.26062e+06
7.25741e+06
7.25419e+06
7.25095e+06
7.24768e+06
7.2444e+06
7.2411e+06
7.23778e+06
7.23444e+06
7.23109e+06
7.22772e+06
7.22433e+06
7.22093e+06
7.21752e+06
7.21409e+06
7.21066e+06
7.20722e+06
7.20377e+06
7.20032e+06
7.19686e+06
7.19341e+06
7.18996e+06
)
;

boundaryField
{
    inlet
    {
        type            fixedFluxPressure;
        gradient        uniform 9398.54;
        value           uniform 7.36556e+06;
    }
    outlet
    {
        type            fixedValue;
        value           uniform 7.18823e+06;
    }
    fixedWalls
    {
        type            fixedFluxPressure;
        gradient        nonuniform List<scalar> 
280
(
-1.40473e-16
-1.39661e-16
1.37885e-16
-1.13592e-17
-1.08274e-16
0
0
0
0
0
0
0
0
0
0
0
0
0
0
0
0
0
0
0
0
0
0
0
0
0
0
0
0
0
0
0
0
0
0
0
0
0
0
0
0
0
0
0
0
0
0
0
0
0
0
0
0
0
0
0
0
0
0
0
0
0
0
0
0
0
1.40473e-16
1.39661e-16
-1.37885e-16
1.13592e-17
1.08274e-16
0
0
0
0
0
0
0
0
0
0
0
0
0
0
0
0
0
0
0
0
0
0
0
0
0
0
0
0
0
0
0
0
0
0
0
0
0
0
0
0
0
0
0
0
0
0
0
0
0
0
0
0
0
0
0
0
0
0
0
0
0
0
0
0
0
-1.40473e-16
-1.39661e-16
1.37885e-16
-1.13592e-17
-1.08274e-16
0
0
0
0
0
0
0
0
0
0
0
0
0
0
0
0
0
0
0
0
0
0
0
0
0
0
0
0
0
0
0
0
0
0
0
0
0
0
0
0
0
0
0
0
0
0
0
0
0
0
0
0
0
0
0
0
0
0
0
0
0
0
0
0
0
1.40473e-16
1.39661e-16
-1.37885e-16
1.13592e-17
1.08274e-16
0
0
0
0
0
0
0
0
0
0
0
0
0
0
0
0
0
0
0
0
0
0
0
0
0
0
0
0
0
0
0
0
0
0
0
0
0
0
0
0
0
0
0
0
0
0
0
0
0
0
0
0
0
0
0
0
0
0
0
0
0
0
0
0
0
)
;
        value           nonuniform List<scalar> 
280
(
7.36546e+06
7.36524e+06
7.36502e+06
7.36478e+06
7.36438e+06
7.36375e+06
7.36292e+06
7.36193e+06
7.36084e+06
7.35969e+06
7.35846e+06
7.35709e+06
7.35554e+06
7.35385e+06
7.35207e+06
7.3502e+06
7.34825e+06
7.34623e+06
7.34414e+06
7.34197e+06
7.33975e+06
7.33745e+06
7.3351e+06
7.33269e+06
7.33023e+06
7.32773e+06
7.32518e+06
7.32259e+06
7.31995e+06
7.31728e+06
7.31457e+06
7.31182e+06
7.30903e+06
7.30621e+06
7.30336e+06
7.30047e+06
7.29756e+06
7.29461e+06
7.29164e+06
7.28864e+06
7.28562e+06
7.28257e+06
7.27949e+06
7.2764e+06
7.27328e+06
7.27014e+06
7.26699e+06
7.26381e+06
7.26062e+06
7.25741e+06
7.25419e+06
7.25095e+06
7.24768e+06
7.2444e+06
7.2411e+06
7.23778e+06
7.23444e+06
7.23109e+06
7.22772e+06
7.22433e+06
7.22093e+06
7.21752e+06
7.21409e+06
7.21066e+06
7.20722e+06
7.20377e+06
7.20032e+06
7.19686e+06
7.19341e+06
7.18996e+06
7.36546e+06
7.36524e+06
7.36502e+06
7.36478e+06
7.36438e+06
7.36375e+06
7.36292e+06
7.36193e+06
7.36084e+06
7.35969e+06
7.35846e+06
7.35709e+06
7.35554e+06
7.35385e+06
7.35207e+06
7.3502e+06
7.34825e+06
7.34623e+06
7.34414e+06
7.34197e+06
7.33975e+06
7.33745e+06
7.3351e+06
7.33269e+06
7.33023e+06
7.32773e+06
7.32518e+06
7.32259e+06
7.31995e+06
7.31728e+06
7.31457e+06
7.31182e+06
7.30903e+06
7.30621e+06
7.30336e+06
7.30047e+06
7.29756e+06
7.29461e+06
7.29164e+06
7.28864e+06
7.28562e+06
7.28257e+06
7.27949e+06
7.2764e+06
7.27328e+06
7.27014e+06
7.26699e+06
7.26381e+06
7.26062e+06
7.25741e+06
7.25419e+06
7.25095e+06
7.24768e+06
7.2444e+06
7.2411e+06
7.23778e+06
7.23444e+06
7.23109e+06
7.22772e+06
7.22433e+06
7.22093e+06
7.21752e+06
7.21409e+06
7.21066e+06
7.20722e+06
7.20377e+06
7.20032e+06
7.19686e+06
7.19341e+06
7.18996e+06
7.36546e+06
7.36524e+06
7.36502e+06
7.36478e+06
7.36438e+06
7.36375e+06
7.36292e+06
7.36193e+06
7.36084e+06
7.35969e+06
7.35846e+06
7.35709e+06
7.35554e+06
7.35385e+06
7.35207e+06
7.3502e+06
7.34825e+06
7.34623e+06
7.34414e+06
7.34197e+06
7.33975e+06
7.33745e+06
7.3351e+06
7.33269e+06
7.33023e+06
7.32773e+06
7.32518e+06
7.32259e+06
7.31995e+06
7.31728e+06
7.31457e+06
7.31182e+06
7.30903e+06
7.30621e+06
7.30336e+06
7.30047e+06
7.29756e+06
7.29461e+06
7.29164e+06
7.28864e+06
7.28562e+06
7.28257e+06
7.27949e+06
7.2764e+06
7.27328e+06
7.27014e+06
7.26699e+06
7.26381e+06
7.26062e+06
7.25741e+06
7.25419e+06
7.25095e+06
7.24768e+06
7.2444e+06
7.2411e+06
7.23778e+06
7.23444e+06
7.23109e+06
7.22772e+06
7.22433e+06
7.22093e+06
7.21752e+06
7.21409e+06
7.21066e+06
7.20722e+06
7.20377e+06
7.20032e+06
7.19686e+06
7.19341e+06
7.18996e+06
7.36546e+06
7.36524e+06
7.36502e+06
7.36478e+06
7.36438e+06
7.36375e+06
7.36292e+06
7.36193e+06
7.36084e+06
7.35969e+06
7.35846e+06
7.35709e+06
7.35554e+06
7.35385e+06
7.35207e+06
7.3502e+06
7.34825e+06
7.34623e+06
7.34414e+06
7.34197e+06
7.33975e+06
7.33745e+06
7.3351e+06
7.33269e+06
7.33023e+06
7.32773e+06
7.32518e+06
7.32259e+06
7.31995e+06
7.31728e+06
7.31457e+06
7.31182e+06
7.30903e+06
7.30621e+06
7.30336e+06
7.30047e+06
7.29756e+06
7.29461e+06
7.29164e+06
7.28864e+06
7.28562e+06
7.28257e+06
7.27949e+06
7.2764e+06
7.27328e+06
7.27014e+06
7.26699e+06
7.26381e+06
7.26062e+06
7.25741e+06
7.25419e+06
7.25095e+06
7.24768e+06
7.2444e+06
7.2411e+06
7.23778e+06
7.23444e+06
7.23109e+06
7.22772e+06
7.22433e+06
7.22093e+06
7.21752e+06
7.21409e+06
7.21066e+06
7.20722e+06
7.20377e+06
7.20032e+06
7.19686e+06
7.19341e+06
7.18996e+06
)
;
    }
}


// ************************************************************************* //
