/*--------------------------------*- C++ -*----------------------------------*\
| =========                 |                                                 |
| \\      /  F ield         | OpenFOAM: The Open Source CFD Toolbox           |
|  \\    /   O peration     | Version:  2406                                  |
|   \\  /    A nd           | Website:  www.openfoam.com                      |
|    \\/     M anipulation  |                                                 |
\*---------------------------------------------------------------------------*/
FoamFile
{
    version     2.0;
    format      ascii;
    arch        "LSB;label=32;scalar=64";
    class       volTensorField;
    location    "0.6/fluidRegion";
    object      KdTotU;
}
// * * * * * * * * * * * * * * * * * * * * * * * * * * * * * * * * * * * * * //

dimensions      [1 -2 -2 0 0 0 0];

internalField   nonuniform List<tensor> 
75
(
(5075.55 0 0 0 5075.55 0 0 0 5075.55)
(5075.51 0 0 0 5075.51 0 0 0 5075.51)
(5075.48 0 0 0 5075.48 0 0 0 5075.48)
(5075.44 0 0 0 5075.44 0 0 0 5075.44)
(5075.4 0 0 0 5075.4 0 0 0 5075.4)
(5071.22 0 0 0 5071.22 0 0 0 5071.22)
(5085.44 0 0 0 5085.44 0 0 0 5085.44)
(5099.88 0 0 0 5099.88 0 0 0 5099.88)
(5114.55 0 0 0 5114.55 0 0 0 5114.55)
(5129.44 0 0 0 5129.44 0 0 0 5129.44)
(5144.52 0 0 0 5144.52 0 0 0 5144.52)
(5159.81 0 0 0 5159.81 0 0 0 5159.81)
(5175.28 0 0 0 5175.28 0 0 0 5175.28)
(5190.93 0 0 0 5190.93 0 0 0 5190.93)
(5206.74 0 0 0 5206.74 0 0 0 5206.74)
(5222.72 0 0 0 5222.72 0 0 0 5222.72)
(5460.82 0 0 0 5460.82 0 0 0 5460.82)
(5866.96 0 0 0 5866.96 0 0 0 5866.96)
(6398.25 0 0 0 6398.25 0 0 0 6398.25)
(7037.27 0 0 0 7037.27 0 0 0 7037.27)
(7782.3 0 0 0 7782.3 0 0 0 7782.3)
(8623.5 0 0 0 8623.5 0 0 0 8623.5)
(9558.7 0 0 0 9558.7 0 0 0 9558.7)
(10586.5 0 0 0 10586.5 0 0 0 10586.5)
(11706.9 0 0 0 11706.9 0 0 0 11706.9)
(12920.5 0 0 0 12920.5 0 0 0 12920.5)
(14228.2 0 0 0 14228.2 0 0 0 14228.2)
(15630.6 0 0 0 15630.6 0 0 0 15630.6)
(17127.9 0 0 0 17127.9 0 0 0 17127.9)
(18719.7 0 0 0 18719.7 0 0 0 18719.7)
(20409 0 0 0 20409 0 0 0 20409)
(22336.2 0 0 0 22336.2 0 0 0 22336.2)
(24427.8 0 0 0 24427.8 0 0 0 24427.8)
(26600.5 0 0 0 26600.5 0 0 0 26600.5)
(28822.1 0 0 0 28822.1 0 0 0 28822.1)
(31076.9 0 0 0 31076.9 0 0 0 31076.9)
(33355.1 0 0 0 33355.1 0 0 0 33355.1)
(35649.8 0 0 0 35649.8 0 0 0 35649.8)
(37955.4 0 0 0 37955.4 0 0 0 37955.4)
(40267.5 0 0 0 40267.5 0 0 0 40267.5)
(42582.3 0 0 0 42582.3 0 0 0 42582.3)
(44896.3 0 0 0 44896.3 0 0 0 44896.3)
(47206.8 0 0 0 47206.8 0 0 0 47206.8)
(49511 0 0 0 49511 0 0 0 49511)
(51806.7 0 0 0 51806.7 0 0 0 51806.7)
(54088 0 0 0 54088 0 0 0 54088)
(56345 0 0 0 56345 0 0 0 56345)
(58573.8 0 0 0 58573.8 0 0 0 58573.8)
(60775.2 0 0 0 60775.2 0 0 0 60775.2)
(62949.7 0 0 0 62949.7 0 0 0 62949.7)
(65098 0 0 0 65098 0 0 0 65098)
(67220.7 0 0 0 67220.7 0 0 0 67220.7)
(69318.3 0 0 0 69318.3 0 0 0 69318.3)
(71391.1 0 0 0 71391.1 0 0 0 71391.1)
(73439.5 0 0 0 73439.5 0 0 0 73439.5)
(75463.7 0 0 0 75463.7 0 0 0 75463.7)
(77464.3 0 0 0 77464.3 0 0 0 77464.3)
(79440.6 0 0 0 79440.6 0 0 0 79440.6)
(82067.2 0 0 0 82067.2 0 0 0 82067.2)
(85525.5 0 0 0 85525.5 0 0 0 85525.5)
(88965.1 0 0 0 88965.1 0 0 0 88965.1)
(92402.9 0 0 0 92402.9 0 0 0 92402.9)
(95852.5 0 0 0 95852.5 0 0 0 95852.5)
(99319.4 0 0 0 99319.4 0 0 0 99319.4)
(102806 0 0 0 102806 0 0 0 102806)
(106314 0 0 0 106314 0 0 0 106314)
(109843 0 0 0 109843 0 0 0 109843)
(113393 0 0 0 113393 0 0 0 113393)
(116962 0 0 0 116962 0 0 0 116962)
(120549 0 0 0 120549 0 0 0 120549)
(124157 0 0 0 124157 0 0 0 124157)
(127767 0 0 0 127767 0 0 0 127767)
(131453 0 0 0 131453 0 0 0 131453)
(134896 0 0 0 134896 0 0 0 134896)
(139463 0 0 0 139463 0 0 0 139463)
)
;

boundaryField
{
    inlet
    {
        type            zeroGradient;
    }
    outlet
    {
        type            zeroGradient;
    }
    fixedWalls
    {
        type            zeroGradient;
    }
}


// ************************************************************************* //
