/*--------------------------------*- C++ -*----------------------------------*\
| =========                 |                                                 |
| \\      /  F ield         | OpenFOAM: The Open Source CFD Toolbox           |
|  \\    /   O peration     | Version:  2406                                  |
|   \\  /    A nd           | Website:  www.openfoam.com                      |
|    \\/     M anipulation  |                                                 |
\*---------------------------------------------------------------------------*/
FoamFile
{
    version     2.0;
    format      ascii;
    arch        "LSB;label=32;scalar=64";
    class       volScalarField;
    location    "30/fluidRegion";
    object      p;
}
// * * * * * * * * * * * * * * * * * * * * * * * * * * * * * * * * * * * * * //

dimensions      [1 -1 -2 0 0 0 0];

internalField   nonuniform List<scalar> 
75
(
7.22855e+06
7.22852e+06
7.2285e+06
7.22848e+06
7.22846e+06
7.22844e+06
7.22841e+06
7.22839e+06
7.22836e+06
7.22832e+06
7.22829e+06
7.22824e+06
7.2282e+06
7.22815e+06
7.22809e+06
7.22802e+06
7.22795e+06
7.22787e+06
7.22778e+06
7.22768e+06
7.22757e+06
7.22744e+06
7.2273e+06
7.22714e+06
7.22697e+06
7.22678e+06
7.22658e+06
7.22637e+06
7.22615e+06
7.22592e+06
7.22568e+06
7.22542e+06
7.22516e+06
7.22488e+06
7.22459e+06
7.22429e+06
7.22398e+06
7.22365e+06
7.22331e+06
7.22297e+06
7.22261e+06
7.22223e+06
7.22185e+06
7.22146e+06
7.22105e+06
7.22063e+06
7.2202e+06
7.21975e+06
7.21929e+06
7.21881e+06
7.21832e+06
7.2178e+06
7.21727e+06
7.21671e+06
7.21614e+06
7.21555e+06
7.21494e+06
7.21431e+06
7.21366e+06
7.21299e+06
7.2123e+06
7.21159e+06
7.21087e+06
7.21012e+06
7.20935e+06
7.20856e+06
7.20775e+06
7.20692e+06
7.20606e+06
7.20519e+06
7.2043e+06
7.20338e+06
7.20245e+06
7.20149e+06
7.20051e+06
)
;

boundaryField
{
    inlet
    {
        type            calculated;
        value           uniform 7.22856e+06;
    }
    outlet
    {
        type            calculated;
        value           uniform 7.2e+06;
    }
    fixedWalls
    {
        type            calculated;
        value           nonuniform List<scalar> 
300
(
7.22855e+06
7.22852e+06
7.2285e+06
7.22848e+06
7.22846e+06
7.22844e+06
7.22841e+06
7.22839e+06
7.22836e+06
7.22832e+06
7.22829e+06
7.22824e+06
7.2282e+06
7.22815e+06
7.22809e+06
7.22802e+06
7.22795e+06
7.22787e+06
7.22778e+06
7.22768e+06
7.22757e+06
7.22744e+06
7.2273e+06
7.22714e+06
7.22697e+06
7.22678e+06
7.22658e+06
7.22637e+06
7.22615e+06
7.22592e+06
7.22568e+06
7.22542e+06
7.22516e+06
7.22488e+06
7.22459e+06
7.22429e+06
7.22398e+06
7.22365e+06
7.22331e+06
7.22297e+06
7.22261e+06
7.22223e+06
7.22185e+06
7.22146e+06
7.22105e+06
7.22063e+06
7.2202e+06
7.21975e+06
7.21929e+06
7.21881e+06
7.21832e+06
7.2178e+06
7.21727e+06
7.21671e+06
7.21614e+06
7.21555e+06
7.21494e+06
7.21431e+06
7.21366e+06
7.21299e+06
7.2123e+06
7.21159e+06
7.21087e+06
7.21012e+06
7.20935e+06
7.20856e+06
7.20775e+06
7.20692e+06
7.20606e+06
7.20519e+06
7.2043e+06
7.20338e+06
7.20245e+06
7.20149e+06
7.20051e+06
7.22855e+06
7.22852e+06
7.2285e+06
7.22848e+06
7.22846e+06
7.22844e+06
7.22841e+06
7.22839e+06
7.22836e+06
7.22832e+06
7.22829e+06
7.22824e+06
7.2282e+06
7.22815e+06
7.22809e+06
7.22802e+06
7.22795e+06
7.22787e+06
7.22778e+06
7.22768e+06
7.22757e+06
7.22744e+06
7.2273e+06
7.22714e+06
7.22697e+06
7.22678e+06
7.22658e+06
7.22637e+06
7.22615e+06
7.22592e+06
7.22568e+06
7.22542e+06
7.22516e+06
7.22488e+06
7.22459e+06
7.22429e+06
7.22398e+06
7.22365e+06
7.22331e+06
7.22297e+06
7.22261e+06
7.22223e+06
7.22185e+06
7.22146e+06
7.22105e+06
7.22063e+06
7.2202e+06
7.21975e+06
7.21929e+06
7.21881e+06
7.21832e+06
7.2178e+06
7.21727e+06
7.21671e+06
7.21614e+06
7.21555e+06
7.21494e+06
7.21431e+06
7.21366e+06
7.21299e+06
7.2123e+06
7.21159e+06
7.21087e+06
7.21012e+06
7.20935e+06
7.20856e+06
7.20775e+06
7.20692e+06
7.20606e+06
7.20519e+06
7.2043e+06
7.20338e+06
7.20245e+06
7.20149e+06
7.20051e+06
7.22855e+06
7.22852e+06
7.2285e+06
7.22848e+06
7.22846e+06
7.22844e+06
7.22841e+06
7.22839e+06
7.22836e+06
7.22832e+06
7.22829e+06
7.22824e+06
7.2282e+06
7.22815e+06
7.22809e+06
7.22802e+06
7.22795e+06
7.22787e+06
7.22778e+06
7.22768e+06
7.22757e+06
7.22744e+06
7.2273e+06
7.22714e+06
7.22697e+06
7.22678e+06
7.22658e+06
7.22637e+06
7.22615e+06
7.22592e+06
7.22568e+06
7.22542e+06
7.22516e+06
7.22488e+06
7.22459e+06
7.22429e+06
7.22398e+06
7.22365e+06
7.22331e+06
7.22297e+06
7.22261e+06
7.22223e+06
7.22185e+06
7.22146e+06
7.22105e+06
7.22063e+06
7.2202e+06
7.21975e+06
7.21929e+06
7.21881e+06
7.21832e+06
7.2178e+06
7.21727e+06
7.21671e+06
7.21614e+06
7.21555e+06
7.21494e+06
7.21431e+06
7.21366e+06
7.21299e+06
7.2123e+06
7.21159e+06
7.21087e+06
7.21012e+06
7.20935e+06
7.20856e+06
7.20775e+06
7.20692e+06
7.20606e+06
7.20519e+06
7.2043e+06
7.20338e+06
7.20245e+06
7.20149e+06
7.20051e+06
7.22855e+06
7.22852e+06
7.2285e+06
7.22848e+06
7.22846e+06
7.22844e+06
7.22841e+06
7.22839e+06
7.22836e+06
7.22832e+06
7.22829e+06
7.22824e+06
7.2282e+06
7.22815e+06
7.22809e+06
7.22802e+06
7.22795e+06
7.22787e+06
7.22778e+06
7.22768e+06
7.22757e+06
7.22744e+06
7.2273e+06
7.22714e+06
7.22697e+06
7.22678e+06
7.22658e+06
7.22637e+06
7.22615e+06
7.22592e+06
7.22568e+06
7.22542e+06
7.22516e+06
7.22488e+06
7.22459e+06
7.22429e+06
7.22398e+06
7.22365e+06
7.22331e+06
7.22297e+06
7.22261e+06
7.22223e+06
7.22185e+06
7.22146e+06
7.22105e+06
7.22063e+06
7.2202e+06
7.21975e+06
7.21929e+06
7.21881e+06
7.21832e+06
7.2178e+06
7.21727e+06
7.21671e+06
7.21614e+06
7.21555e+06
7.21494e+06
7.21431e+06
7.21366e+06
7.21299e+06
7.2123e+06
7.21159e+06
7.21087e+06
7.21012e+06
7.20935e+06
7.20856e+06
7.20775e+06
7.20692e+06
7.20606e+06
7.20519e+06
7.2043e+06
7.20338e+06
7.20245e+06
7.20149e+06
7.20051e+06
)
;
    }
}


// ************************************************************************* //
