/*--------------------------------*- C++ -*----------------------------------*\
| =========                 |                                                 |
| \\      /  F ield         | OpenFOAM: The Open Source CFD Toolbox           |
|  \\    /   O peration     | Version:  2406                                  |
|   \\  /    A nd           | Website:  www.openfoam.com                      |
|    \\/     M anipulation  |                                                 |
\*---------------------------------------------------------------------------*/
FoamFile
{
    version     2.0;
    format      ascii;
    arch        "LSB;label=32;scalar=64";
    class       volScalarField;
    location    "0.6/fluidRegion";
    object      p_rgh;
}
// * * * * * * * * * * * * * * * * * * * * * * * * * * * * * * * * * * * * * //

dimensions      [1 -1 -2 0 0 0 0];

internalField   nonuniform List<scalar> 
70
(
7.36077e+06
7.36056e+06
7.36034e+06
7.36009e+06
7.3597e+06
7.35908e+06
7.35825e+06
7.35727e+06
7.35619e+06
7.35504e+06
7.35383e+06
7.35249e+06
7.35096e+06
7.34929e+06
7.34751e+06
7.34565e+06
7.34372e+06
7.34171e+06
7.33962e+06
7.33747e+06
7.33526e+06
7.33297e+06
7.33063e+06
7.32823e+06
7.32579e+06
7.3233e+06
7.32076e+06
7.31818e+06
7.31556e+06
7.3129e+06
7.3102e+06
7.30746e+06
7.30469e+06
7.30188e+06
7.29904e+06
7.29617e+06
7.29327e+06
7.29033e+06
7.28738e+06
7.28439e+06
7.28138e+06
7.27835e+06
7.27529e+06
7.27221e+06
7.26911e+06
7.26599e+06
7.26286e+06
7.25971e+06
7.25654e+06
7.25337e+06
7.25019e+06
7.24701e+06
7.24383e+06
7.24065e+06
7.23748e+06
7.23433e+06
7.23117e+06
7.22802e+06
7.22487e+06
7.22171e+06
7.21854e+06
7.21537e+06
7.21219e+06
7.20901e+06
7.20582e+06
7.20263e+06
7.19944e+06
7.19624e+06
7.19304e+06
7.18984e+06
)
;

boundaryField
{
    inlet
    {
        type            fixedFluxPressure;
        gradient        uniform 9394.06;
        value           uniform 7.36087e+06;
    }
    outlet
    {
        type            fixedValue;
        value           uniform 7.18823e+06;
    }
    fixedWalls
    {
        type            fixedFluxPressure;
        gradient        nonuniform List<scalar> 
280
(
-1.40357e-16
-1.39777e-16
2.74331e-16
-1.14405e-17
-1.88626e-16
0
0
0
0
0
0
0
0
0
0
0
0
0
0
0
0
0
0
0
0
0
0
0
0
0
0
0
0
0
0
0
0
0
0
0
0
0
0
0
0
0
0
0
0
0
0
0
0
0
0
0
0
0
0
0
0
0
0
0
0
0
0
0
0
0
1.40357e-16
1.39777e-16
-2.74331e-16
1.14405e-17
1.88626e-16
0
0
0
0
0
0
0
0
0
0
0
0
0
0
0
0
0
0
0
0
0
0
0
0
0
0
0
0
0
0
0
0
0
0
0
0
0
0
0
0
0
0
0
0
0
0
0
0
0
0
0
0
0
0
0
0
0
0
0
0
0
0
0
0
0
-1.40357e-16
-1.39777e-16
2.74331e-16
-1.14405e-17
-1.88626e-16
0
0
0
0
0
0
0
0
0
0
0
0
0
0
0
0
0
0
0
0
0
0
0
0
0
0
0
0
0
0
0
0
0
0
0
0
0
0
0
0
0
0
0
0
0
0
0
0
0
0
0
0
0
0
0
0
0
0
0
0
0
0
0
0
0
1.40357e-16
1.39777e-16
-2.74331e-16
1.14405e-17
1.88626e-16
0
0
0
0
0
0
0
0
0
0
0
0
0
0
0
0
0
0
0
0
0
0
0
0
0
0
0
0
0
0
0
0
0
0
0
0
0
0
0
0
0
0
0
0
0
0
0
0
0
0
0
0
0
0
0
0
0
0
0
0
0
0
0
0
0
)
;
        value           nonuniform List<scalar> 
280
(
7.36077e+06
7.36056e+06
7.36034e+06
7.36009e+06
7.3597e+06
7.35908e+06
7.35825e+06
7.35727e+06
7.35619e+06
7.35504e+06
7.35383e+06
7.35249e+06
7.35096e+06
7.34929e+06
7.34751e+06
7.34565e+06
7.34372e+06
7.34171e+06
7.33962e+06
7.33747e+06
7.33526e+06
7.33297e+06
7.33063e+06
7.32823e+06
7.32579e+06
7.3233e+06
7.32076e+06
7.31818e+06
7.31556e+06
7.3129e+06
7.3102e+06
7.30746e+06
7.30469e+06
7.30188e+06
7.29904e+06
7.29617e+06
7.29327e+06
7.29033e+06
7.28738e+06
7.28439e+06
7.28138e+06
7.27835e+06
7.27529e+06
7.27221e+06
7.26911e+06
7.26599e+06
7.26286e+06
7.25971e+06
7.25654e+06
7.25337e+06
7.25019e+06
7.24701e+06
7.24383e+06
7.24065e+06
7.23748e+06
7.23433e+06
7.23117e+06
7.22802e+06
7.22487e+06
7.22171e+06
7.21854e+06
7.21537e+06
7.21219e+06
7.20901e+06
7.20582e+06
7.20263e+06
7.19944e+06
7.19624e+06
7.19304e+06
7.18984e+06
7.36077e+06
7.36056e+06
7.36034e+06
7.36009e+06
7.3597e+06
7.35908e+06
7.35825e+06
7.35727e+06
7.35619e+06
7.35504e+06
7.35383e+06
7.35249e+06
7.35096e+06
7.34929e+06
7.34751e+06
7.34565e+06
7.34372e+06
7.34171e+06
7.33962e+06
7.33747e+06
7.33526e+06
7.33297e+06
7.33063e+06
7.32823e+06
7.32579e+06
7.3233e+06
7.32076e+06
7.31818e+06
7.31556e+06
7.3129e+06
7.3102e+06
7.30746e+06
7.30469e+06
7.30188e+06
7.29904e+06
7.29617e+06
7.29327e+06
7.29033e+06
7.28738e+06
7.28439e+06
7.28138e+06
7.27835e+06
7.27529e+06
7.27221e+06
7.26911e+06
7.26599e+06
7.26286e+06
7.25971e+06
7.25654e+06
7.25337e+06
7.25019e+06
7.24701e+06
7.24383e+06
7.24065e+06
7.23748e+06
7.23433e+06
7.23117e+06
7.22802e+06
7.22487e+06
7.22171e+06
7.21854e+06
7.21537e+06
7.21219e+06
7.20901e+06
7.20582e+06
7.20263e+06
7.19944e+06
7.19624e+06
7.19304e+06
7.18984e+06
7.36077e+06
7.36056e+06
7.36034e+06
7.36009e+06
7.3597e+06
7.35908e+06
7.35825e+06
7.35727e+06
7.35619e+06
7.35504e+06
7.35383e+06
7.35249e+06
7.35096e+06
7.34929e+06
7.34751e+06
7.34565e+06
7.34372e+06
7.34171e+06
7.33962e+06
7.33747e+06
7.33526e+06
7.33297e+06
7.33063e+06
7.32823e+06
7.32579e+06
7.3233e+06
7.32076e+06
7.31818e+06
7.31556e+06
7.3129e+06
7.3102e+06
7.30746e+06
7.30469e+06
7.30188e+06
7.29904e+06
7.29617e+06
7.29327e+06
7.29033e+06
7.28738e+06
7.28439e+06
7.28138e+06
7.27835e+06
7.27529e+06
7.27221e+06
7.26911e+06
7.26599e+06
7.26286e+06
7.25971e+06
7.25654e+06
7.25337e+06
7.25019e+06
7.24701e+06
7.24383e+06
7.24065e+06
7.23748e+06
7.23433e+06
7.23117e+06
7.22802e+06
7.22487e+06
7.22171e+06
7.21854e+06
7.21537e+06
7.21219e+06
7.20901e+06
7.20582e+06
7.20263e+06
7.19944e+06
7.19624e+06
7.19304e+06
7.18984e+06
7.36077e+06
7.36056e+06
7.36034e+06
7.36009e+06
7.3597e+06
7.35908e+06
7.35825e+06
7.35727e+06
7.35619e+06
7.35504e+06
7.35383e+06
7.35249e+06
7.35096e+06
7.34929e+06
7.34751e+06
7.34565e+06
7.34372e+06
7.34171e+06
7.33962e+06
7.33747e+06
7.33526e+06
7.33297e+06
7.33063e+06
7.32823e+06
7.32579e+06
7.3233e+06
7.32076e+06
7.31818e+06
7.31556e+06
7.3129e+06
7.3102e+06
7.30746e+06
7.30469e+06
7.30188e+06
7.29904e+06
7.29617e+06
7.29327e+06
7.29033e+06
7.28738e+06
7.28439e+06
7.28138e+06
7.27835e+06
7.27529e+06
7.27221e+06
7.26911e+06
7.26599e+06
7.26286e+06
7.25971e+06
7.25654e+06
7.25337e+06
7.25019e+06
7.24701e+06
7.24383e+06
7.24065e+06
7.23748e+06
7.23433e+06
7.23117e+06
7.22802e+06
7.22487e+06
7.22171e+06
7.21854e+06
7.21537e+06
7.21219e+06
7.20901e+06
7.20582e+06
7.20263e+06
7.19944e+06
7.19624e+06
7.19304e+06
7.18984e+06
)
;
    }
}


// ************************************************************************* //
